# BLASTP 2.7.1+
# Query: SUN1_916
# Database: User specified sequence set (Input: /home/fieldima/blastplus/blastp/blastdb/human_SUN1_sequences.fa)
# Fields: query acc.ver, query length, subject acc.ver, subject length, alignment length, % query coverage per subject, evalue, % positives, % identity, bit score, gaps
# 26 hits found
SUN1_916	916	ENST00000405510.5	718	244	26	1.67e-96	73.77	58.197	310	8
SUN1_916	916	ENST00000406622.5	718	244	26	1.67e-96	73.77	58.197	310	8
SUN1_916	916	ENST00000405018.5	739	244	41	2.86e-96	73.77	58.197	310	8
SUN1_916	916	ENST00000405018.5	739	172	41	2.16e-05	37.21	22.674	37.7	38
SUN1_916	916	ENST00000405018.5	739	36	41	7.6	50.00	33.333	19.6	4
SUN1_916	916	ENST00000455125.1	199	148	28	1.51e-73	83.11	68.243	231	0
SUN1_916	916	ENST00000455125.1	199	73	28	1.8	35.62	26.027	21.2	2
SUN1_916	916	ENST00000455125.1	199	36	28	4.7	50.00	33.333	20.0	4
SUN1_916	916	ENST00000453071.5	282	204	22	4.30e-59	63.73	44.118	194	1
SUN1_916	916	ENST00000412142.5	346	188	21	4.40e-58	65.96	47.340	193	1
SUN1_916	916	ENST00000297325.9	358	188	21	5.09e-58	65.96	47.340	194	1
SUN1_916	916	ENST00000395572.6	358	188	21	5.09e-58	65.96	47.340	194	1
SUN1_916	916	ENST00000453192.3	267	201	21	1.09e-55	63.18	44.776	184	10
SUN1_916	916	ENST00000438771.5	270	204	21	1.61e-55	61.27	43.627	184	13
SUN1_916	916	ENST00000375523.7	355	231	29	1.16e-43	57.58	38.528	152	12
SUN1_916	916	ENST00000375523.7	355	41	29	4.1	51.22	21.951	20.4	0
SUN1_916	916	ENST00000356173.8	380	231	29	1.87e-43	57.58	38.528	152	12
SUN1_916	916	ENST00000356173.8	380	41	29	4.9	51.22	21.951	20.0	0
SUN1_916	916	ENST00000412371.5	171	138	15	5.14e-41	66.67	44.203	139	0
SUN1_916	916	ENST00000374273.8	438	194	25	1.88e-40	56.70	36.598	145	2
SUN1_916	916	ENST00000374273.8	438	39	25	2.2	35.90	33.333	21.2	0
SUN1_916	916	ENST00000430878.1	142	127	13	8.64e-32	62.99	42.520	111	9
SUN1_916	916	ENST00000454819.1	215	111	12	4.36e-16	50.45	28.829	68.6	0
SUN1_916	916	ENST00000456894.5	228	47	5	2.62e-08	59.57	38.298	45.8	0
SUN1_916	916	ENST00000438058.5	224	47	5	1.31e-07	59.57	38.298	43.5	0
SUN1_916	916	ENST00000430185.5	144	47	5	1.43e-07	59.57	38.298	42.4	0
# BLASTP 2.7.1+
# Query: SUN1_888
# Database: User specified sequence set (Input: /home/fieldima/blastplus/blastp/blastdb/human_SUN1_sequences.fa)
# Fields: query acc.ver, query length, subject acc.ver, subject length, alignment length, % query coverage per subject, evalue, % positives, % identity, bit score, gaps
# 26 hits found
SUN1_888	888	ENST00000405510.5	718	244	27	9.96e-97	73.77	58.197	310	8
SUN1_888	888	ENST00000406622.5	718	244	27	9.96e-97	73.77	58.197	310	8
SUN1_888	888	ENST00000405018.5	739	244	39	1.69e-96	73.77	58.197	310	8
SUN1_888	888	ENST00000405018.5	739	136	39	3.99e-05	38.97	21.324	37.0	29
SUN1_888	888	ENST00000405018.5	739	36	39	7.3	50.00	33.333	19.6	4
SUN1_888	888	ENST00000455125.1	199	148	28	1.14e-73	83.11	68.243	231	0
SUN1_888	888	ENST00000455125.1	199	73	28	1.9	35.62	26.027	21.2	2
SUN1_888	888	ENST00000455125.1	199	36	28	4.6	50.00	33.333	20.0	4
SUN1_888	888	ENST00000453071.5	282	204	23	3.43e-59	63.73	44.118	194	1
SUN1_888	888	ENST00000412142.5	346	188	21	4.16e-58	65.96	47.340	193	1
SUN1_888	888	ENST00000297325.9	358	188	21	4.18e-58	65.96	47.340	194	1
SUN1_888	888	ENST00000395572.6	358	188	21	4.18e-58	65.96	47.340	194	1
SUN1_888	888	ENST00000453192.3	267	197	21	9.00e-57	63.96	45.685	187	10
SUN1_888	888	ENST00000438771.5	270	204	22	1.28e-55	61.27	43.627	184	13
SUN1_888	888	ENST00000375523.7	355	231	30	9.91e-44	57.58	38.528	152	12
SUN1_888	888	ENST00000375523.7	355	41	30	3.9	51.22	21.951	20.4	0
SUN1_888	888	ENST00000356173.8	380	231	30	1.68e-43	57.58	38.528	152	12
SUN1_888	888	ENST00000356173.8	380	41	30	4.5	51.22	21.951	20.4	0
SUN1_888	888	ENST00000412371.5	171	138	16	6.00e-41	66.67	44.203	139	0
SUN1_888	888	ENST00000374273.8	438	194	26	1.69e-40	56.70	36.598	145	2
SUN1_888	888	ENST00000374273.8	438	39	26	2.1	35.90	33.333	21.6	0
SUN1_888	888	ENST00000430878.1	142	127	13	8.85e-32	62.99	42.520	111	9
SUN1_888	888	ENST00000454819.1	215	111	13	4.12e-16	50.45	28.829	68.6	0
SUN1_888	888	ENST00000456894.5	228	47	5	2.48e-08	59.57	38.298	45.8	0
SUN1_888	888	ENST00000438058.5	224	47	5	1.29e-07	59.57	38.298	43.5	0
SUN1_888	888	ENST00000430185.5	144	47	5	1.37e-07	59.57	38.298	42.4	0
# BLASTP 2.7.1+
# Query: SUN1_785
# Database: User specified sequence set (Input: /home/fieldima/blastplus/blastp/blastdb/human_SUN1_sequences.fa)
# Fields: query acc.ver, query length, subject acc.ver, subject length, alignment length, % query coverage per subject, evalue, % positives, % identity, bit score, gaps
# 22 hits found
SUN1_785	785	ENST00000405510.5	718	244	31	1.27e-97	73.77	58.197	310	8
SUN1_785	785	ENST00000406622.5	718	244	31	1.27e-97	73.77	58.197	310	8
SUN1_785	785	ENST00000405018.5	739	244	31	2.54e-97	73.77	58.197	310	8
SUN1_785	785	ENST00000455125.1	199	148	28	3.12e-74	83.11	68.243	231	0
SUN1_785	785	ENST00000455125.1	199	73	28	1.7	35.62	26.027	21.2	2
SUN1_785	785	ENST00000453071.5	282	204	26	1.14e-59	63.73	44.118	194	1
SUN1_785	785	ENST00000297325.9	358	188	24	1.28e-58	65.96	47.340	194	1
SUN1_785	785	ENST00000395572.6	358	188	24	1.28e-58	65.96	47.340	194	1
SUN1_785	785	ENST00000412142.5	346	188	24	1.28e-58	65.96	47.340	194	1
SUN1_785	785	ENST00000453192.3	267	201	24	3.15e-56	63.18	44.776	184	10
SUN1_785	785	ENST00000438771.5	270	204	24	4.50e-56	61.27	43.627	184	13
SUN1_785	785	ENST00000375523.7	355	231	34	7.19e-44	57.58	38.528	152	12
SUN1_785	785	ENST00000375523.7	355	41	34	3.7	51.22	21.951	20.4	0
SUN1_785	785	ENST00000356173.8	380	231	34	1.15e-43	57.58	38.528	153	12
SUN1_785	785	ENST00000356173.8	380	41	34	4.0	51.22	21.951	20.4	0
SUN1_785	785	ENST00000412371.5	171	138	18	4.09e-41	66.67	44.203	139	0
SUN1_785	785	ENST00000374273.8	438	194	25	1.33e-40	56.70	36.598	145	2
SUN1_785	785	ENST00000430878.1	142	127	15	1.00e-31	62.99	42.520	111	9
SUN1_785	785	ENST00000454819.1	215	111	14	3.18e-16	50.45	28.829	68.9	0
SUN1_785	785	ENST00000456894.5	228	47	6	2.27e-08	59.57	38.298	45.8	0
SUN1_785	785	ENST00000438058.5	224	47	6	1.27e-07	59.57	38.298	43.5	0
SUN1_785	785	ENST00000430185.5	144	47	6	1.29e-07	59.57	38.298	42.0	0
# BLAST processed 3 queries
