# BLASTP 2.7.1+
# Query: eIF4G1e
# Database: User specified sequence set (Input: /home/fieldima/blastplus/blastp/blastdb/human_EIF4G1_sequences.fa)
# Fields: query acc.ver, query length, subject acc.ver, subject length, alignment length, % query coverage per subject, evalue, % positives, % identity, bit score, gaps
# 29 hits found
eIF4G1e	1559	ENST00000264211.12	1586	1679	100	0.0	59.86	47.945	1205	214
eIF4G1e	1559	ENST00000602326.5	1592	1664	99	0.0	59.80	48.197	1203	196
eIF4G1e	1559	ENST00000634879.1	1775	1678	100	0.0	59.71	48.033	1202	213
eIF4G1e	1559	ENST00000400422.6	1622	1704	100	0.0	59.15	47.653	1202	228
eIF4G1e	1559	ENST00000374935.7	1306	1030	75	0.0	72.14	60.291	1141	74
eIF4G1e	1559	ENST00000374935.7	1306	195	75	1.04e-18	50.77	43.590	83.2	38
eIF4G1e	1559	ENST00000531416.5	444	294	18	4.53e-56	57.14	37.075	193	31
eIF4G1e	1559	ENST00000396525.6	870	294	40	1.58e-53	57.14	37.415	194	31
eIF4G1e	1559	ENST00000396525.6	870	370	40	2.90e-22	45.68	27.568	94.7	33
eIF4G1e	1559	ENST00000526148.5	908	294	40	1.82e-53	57.14	37.415	194	31
eIF4G1e	1559	ENST00000526148.5	908	370	40	2.67e-22	45.68	27.568	94.7	33
eIF4G1e	1559	ENST00000525681.5	908	294	40	1.82e-53	57.14	37.415	194	31
eIF4G1e	1559	ENST00000525681.5	908	370	40	2.67e-22	45.68	27.568	94.7	33
eIF4G1e	1559	ENST00000339995.10	908	294	40	1.82e-53	57.14	37.415	194	31
eIF4G1e	1559	ENST00000339995.10	908	370	40	2.67e-22	45.68	27.568	94.7	33
eIF4G1e	1559	ENST00000532082.5	282	245	15	2.76e-41	54.29	35.102	145	29
eIF4G1e	1559	ENST00000524932.5	244	200	12	1.34e-30	53.50	33.500	113	22
eIF4G1e	1559	ENST00000356916.7	516	189	14	1.11e-16	49.21	43.386	75.9	46
eIF4G1e	1559	ENST00000356916.7	516	48	14	6.0	50.00	25.000	21.6	1
eIF4G1e	1559	ENST00000438975.5	217	80	4	3.60e-16	60.00	55.000	70.5	15
eIF4G1e	1559	ENST00000411888.5	220	80	4	7.80e-16	60.00	55.000	69.7	15
eIF4G1e	1559	ENST00000527419.5	88	60	4	2.14e-15	71.67	46.667	64.3	0
eIF4G1e	1559	ENST00000532570.5	130	80	5	2.30e-13	58.75	37.500	60.1	1
eIF4G1e	1559	ENST00000531180.1	186	107	7	1.58e-09	52.34	29.907	50.4	1
eIF4G1e	1559	ENST00000530211.5	116	66	4	7.99e-09	56.06	34.848	46.6	1
eIF4G1e	1559	ENST00000527526.5	112	63	4	1.24e-06	53.97	31.746	40.4	1
eIF4G1e	1559	ENST00000528839.1	234	71	11	2.11e-06	54.93	36.620	41.6	2
eIF4G1e	1559	ENST00000528839.1	234	102	11	0.022	46.08	24.510	29.3	5
eIF4G1e	1559	ENST00000530702.1	84	57	4	4.17e-06	52.63	31.579	38.1	1
# BLASTP 2.7.1+
# Query: eIF4G1f
# Database: User specified sequence set (Input: /home/fieldima/blastplus/blastp/blastdb/human_EIF4G1_sequences.fa)
# Fields: query acc.ver, query length, subject acc.ver, subject length, alignment length, % query coverage per subject, evalue, % positives, % identity, bit score, gaps
# 29 hits found
eIF4G1f	1599	ENST00000634879.1	1775	1714	99	0.0	59.51	47.958	1220	215
eIF4G1f	1599	ENST00000400422.6	1622	1701	97	0.0	59.02	47.678	1206	222
eIF4G1f	1599	ENST00000264211.12	1586	1676	97	0.0	59.73	47.971	1206	208
eIF4G1f	1599	ENST00000602326.5	1592	1664	97	0.0	59.80	48.197	1203	196
eIF4G1f	1599	ENST00000374935.7	1306	1030	74	0.0	72.14	60.291	1142	74
eIF4G1f	1599	ENST00000374935.7	1306	195	74	1.89e-18	50.77	43.590	82.4	38
eIF4G1f	1599	ENST00000531416.5	444	294	17	4.47e-56	57.14	37.075	193	31
eIF4G1f	1599	ENST00000526148.5	908	294	39	1.28e-53	57.14	37.415	195	31
eIF4G1f	1599	ENST00000526148.5	908	372	39	3.30e-22	45.97	27.688	94.7	37
eIF4G1f	1599	ENST00000525681.5	908	294	39	1.28e-53	57.14	37.415	195	31
eIF4G1f	1599	ENST00000525681.5	908	372	39	3.30e-22	45.97	27.688	94.7	37
eIF4G1f	1599	ENST00000339995.10	908	294	39	1.28e-53	57.14	37.415	195	31
eIF4G1f	1599	ENST00000339995.10	908	372	39	3.30e-22	45.97	27.688	94.7	37
eIF4G1f	1599	ENST00000396525.6	870	294	39	1.29e-53	57.14	37.415	194	31
eIF4G1f	1599	ENST00000396525.6	870	370	39	3.18e-22	45.68	27.568	94.7	33
eIF4G1f	1599	ENST00000532082.5	282	245	14	2.37e-41	54.29	35.102	145	29
eIF4G1f	1599	ENST00000524932.5	244	200	12	1.40e-30	53.50	33.500	113	22
eIF4G1f	1599	ENST00000356916.7	516	189	13	1.42e-16	49.21	43.386	75.5	46
eIF4G1f	1599	ENST00000356916.7	516	48	13	4.9	50.00	25.000	21.9	1
eIF4G1f	1599	ENST00000438975.5	217	80	4	4.60e-16	60.00	55.000	70.1	15
eIF4G1f	1599	ENST00000411888.5	220	80	4	8.82e-16	60.00	55.000	69.7	15
eIF4G1f	1599	ENST00000527419.5	88	60	4	2.01e-15	71.67	46.667	64.7	0
eIF4G1f	1599	ENST00000532570.5	130	80	5	2.10e-13	58.75	37.500	60.1	1
eIF4G1f	1599	ENST00000531180.1	186	107	7	1.65e-09	52.34	29.907	50.4	1
eIF4G1f	1599	ENST00000530211.5	116	66	4	8.12e-09	56.06	34.848	46.6	1
eIF4G1f	1599	ENST00000527526.5	112	63	4	1.23e-06	53.97	31.746	40.4	1
eIF4G1f	1599	ENST00000528839.1	234	71	11	2.42e-06	54.93	36.620	41.6	2
eIF4G1f	1599	ENST00000528839.1	234	102	11	0.023	46.08	24.510	29.3	5
eIF4G1f	1599	ENST00000530702.1	84	57	4	4.07e-06	52.63	31.579	38.1	1
# BLAST processed 2 queries
