# BLASTP 2.7.1+
# Query: PRMT5L
# Database: User specified sequence set (Input: /home/fieldima/blastplus/blastp/blastdb/human_PRMT5_sequences.fa)
# Fields: query acc.ver, query length, subject acc.ver, subject length, alignment length, % query coverage per subject, evalue, % positives, % identity, bit score, gaps
# 31 hits found
PRMT5L	637	ENST00000355680.8	434	288	41	1.66e-10	39.24	26.389	54.3	38
PRMT5L	637	ENST00000397638.6	434	288	41	1.66e-10	39.24	26.389	54.3	38
PRMT5L	637	ENST00000397637.5	434	288	41	1.66e-10	39.24	26.389	54.3	38
PRMT5L	637	ENST00000344150.8	586	155	24	1.31e-09	44.52	28.387	51.6	13
PRMT5L	637	ENST00000327064.9	609	155	24	1.42e-09	44.52	28.387	51.6	13
PRMT5L	637	ENST00000586221.5	344	155	24	1.84e-09	44.52	28.387	50.4	13
PRMT5L	637	ENST00000451211.6	290	124	19	8.59e-07	49.19	32.258	42.0	5
PRMT5L	637	ENST00000437750.2	470	297	43	1.40e-06	38.72	21.886	41.6	49
PRMT5L	637	ENST00000650338.1	314	123	19	1.40e-06	45.53	29.268	41.2	6
PRMT5L	637	ENST00000370078.2	376	123	19	1.52e-06	45.53	29.268	41.6	6
PRMT5L	637	ENST00000331079.11	532	297	43	2.75e-06	38.72	21.886	40.8	49
PRMT5L	637	ENST00000455177.3	194	94	14	1.87e-04	48.94	31.915	33.9	8
PRMT5L	637	ENST00000334494.8	285	119	21	3.41e-04	43.70	27.731	33.9	11
PRMT5L	637	ENST00000334494.8	285	20	21	8.5	65.00	45.000	19.6	0
PRMT5L	637	ENST00000458387.6	302	81	13	5.15e-04	51.85	32.099	33.1	4
PRMT5L	637	ENST00000291705.11	229	81	13	8.83e-04	51.85	32.099	32.3	4
PRMT5L	637	ENST00000440086.5	332	81	26	0.001	51.85	32.099	32.3	4
PRMT5L	637	ENST00000440086.5	332	93	26	0.003	39.78	29.032	30.8	14
PRMT5L	637	ENST00000532489.5	326	120	18	0.001	48.33	26.667	32.0	9
PRMT5L	637	ENST00000397628.5	254	81	13	0.002	51.85	32.099	31.2	4
PRMT5L	637	ENST00000391851.8	354	120	18	0.002	48.33	26.667	31.6	9
PRMT5L	637	ENST00000454376.6	372	120	18	0.002	48.33	26.667	31.2	9
PRMT5L	637	ENST00000524771.5	238	120	18	0.004	48.33	26.667	30.4	9
PRMT5L	637	ENST00000621201.4	162	76	12	0.005	51.32	30.263	29.6	1
PRMT5L	637	ENST00000610806.4	286	81	13	0.008	51.85	28.395	29.3	6
PRMT5L	637	ENST00000529284.5	160	120	18	0.009	48.33	26.667	28.9	9
PRMT5L	637	ENST00000526224.5	160	120	18	0.009	48.33	26.667	28.9	9
PRMT5L	637	ENST00000527382.5	205	124	19	0.011	47.58	25.806	28.9	9
PRMT5L	637	ENST00000534465.6	207	124	19	0.011	47.58	25.806	28.9	9
PRMT5L	637	ENST00000382622.4	395	81	13	0.021	53.09	27.160	28.1	6
PRMT5L	637	ENST00000452611.6	386	81	13	0.021	53.09	27.160	28.1	6
# BLASTP 2.7.1+
# Query: PRMT5S
# Database: User specified sequence set (Input: /home/fieldima/blastplus/blastp/blastdb/human_PRMT5_sequences.fa)
# Fields: query acc.ver, query length, subject acc.ver, subject length, alignment length, % query coverage per subject, evalue, % positives, % identity, bit score, gaps
# 31 hits found
PRMT5S	593	ENST00000355680.8	434	288	44	1.50e-10	39.24	26.389	54.3	38
PRMT5S	593	ENST00000397638.6	434	288	44	1.50e-10	39.24	26.389	54.3	38
PRMT5S	593	ENST00000397637.5	434	288	44	1.50e-10	39.24	26.389	54.3	38
PRMT5S	593	ENST00000344150.8	586	155	26	1.18e-09	44.52	28.387	51.6	13
PRMT5S	593	ENST00000327064.9	609	155	26	1.22e-09	44.52	28.387	51.6	13
PRMT5S	593	ENST00000586221.5	344	155	26	1.51e-09	44.52	28.387	50.8	13
PRMT5S	593	ENST00000451211.6	290	124	21	8.95e-07	49.19	32.258	41.6	5
PRMT5S	593	ENST00000437750.2	470	297	46	1.16e-06	38.72	21.886	42.0	49
PRMT5S	593	ENST00000370078.2	376	123	21	1.24e-06	45.53	29.268	41.6	6
PRMT5S	593	ENST00000650338.1	314	123	21	1.38e-06	45.53	29.268	41.2	6
PRMT5S	593	ENST00000331079.11	532	297	46	2.07e-06	38.72	21.886	41.2	49
PRMT5S	593	ENST00000455177.3	194	94	15	1.94e-04	48.94	31.915	33.9	8
PRMT5S	593	ENST00000334494.8	285	81	14	3.73e-04	51.85	32.099	33.5	4
PRMT5S	593	ENST00000458387.6	302	81	14	5.11e-04	51.85	32.099	33.1	4
PRMT5S	593	ENST00000291705.11	229	81	14	0.001	51.85	32.099	32.0	4
PRMT5S	593	ENST00000532489.5	326	120	20	0.001	48.33	26.667	32.0	9
PRMT5S	593	ENST00000440086.5	332	81	27	0.001	51.85	32.099	32.0	4
PRMT5S	593	ENST00000440086.5	332	93	27	0.003	39.78	29.032	30.8	14
PRMT5S	593	ENST00000534465.6	207	120	20	0.002	48.33	26.667	31.2	9
PRMT5S	593	ENST00000527382.5	205	120	20	0.002	48.33	26.667	31.2	9
PRMT5S	593	ENST00000391851.8	354	120	20	0.002	48.33	26.667	31.6	9
PRMT5S	593	ENST00000454376.6	372	120	20	0.002	48.33	26.667	31.6	9
PRMT5S	593	ENST00000397628.5	254	81	14	0.002	51.85	32.099	31.2	4
PRMT5S	593	ENST00000524771.5	238	120	20	0.003	48.33	26.667	30.4	9
PRMT5S	593	ENST00000621201.4	162	76	13	0.005	51.32	30.263	29.3	1
PRMT5S	593	ENST00000610806.4	286	81	13	0.008	51.85	28.395	29.3	6
PRMT5S	593	ENST00000529284.5	160	120	20	0.008	48.33	26.667	28.9	9
PRMT5S	593	ENST00000526224.5	160	120	20	0.008	48.33	26.667	28.9	9
PRMT5S	593	ENST00000452611.6	386	81	13	0.019	53.09	27.160	28.1	6
PRMT5S	593	ENST00000382622.4	395	81	13	0.020	53.09	27.160	28.1	6
PRMT5S	593	ENST00000568975.5	568	39	7	9.1	46.15	28.205	19.6	0
# BLAST processed 2 queries
