# BLASTP 2.7.1+
# Query: KLF6-SV1
# Database: User specified sequence set (Input: /home/fieldima/blastplus/blastp/blastdb/human_KLF6_sequences.fa)
# Fields: query acc.ver, query length, subject acc.ver, subject length, alignment length, % query coverage per subject, evalue, % positives, % identity, bit score, gaps
# 17 hits found
KLF6-SV1	195	ENST00000423015.5	231	226	100	2.14e-33	51.77	40.265	111	59
KLF6-SV1	195	ENST00000457962.5	60	53	27	1.42e-25	86.79	77.358	85.9	0
KLF6-SV1	195	ENST00000458272.1	113	51	26	5.54e-25	88.24	80.392	85.9	0
KLF6-SV1	195	ENST00000309446.11	303	166	81	6.24e-25	50.60	40.361	90.5	28
KLF6-SV1	195	ENST00000426163.5	112	51	26	6.27e-25	88.24	80.392	85.9	0
KLF6-SV1	195	ENST00000451244.1	52	51	26	5.69e-17	74.51	66.667	63.5	2
KLF6-SV1	195	ENST00000435602.1	175	141	63	7.91e-05	45.39	31.206	32.7	46
KLF6-SV1	195	ENST00000421199.5	270	132	63	9.62e-05	40.91	29.545	32.7	28
KLF6-SV1	195	ENST00000412414.6	275	132	63	9.70e-05	40.91	29.545	32.7	28
KLF6-SV1	195	ENST00000395884.3	470	46	24	5.0	47.83	34.783	18.5	2
KLF6-SV1	195	ENST00000285407.11	481	46	24	5.0	47.83	34.783	18.5	2
KLF6-SV1	195	ENST00000440320.5	122	18	9	6.5	72.22	55.556	17.7	1
KLF6-SV1	195	ENST00000401510.5	127	18	9	7.0	72.22	55.556	17.7	1
KLF6-SV1	195	ENST00000448523.5	163	18	9	7.7	72.22	55.556	17.7	1
KLF6-SV1	195	ENST00000305883.6	513	18	9	8.8	72.22	55.556	17.7	1
KLF6-SV1	195	ENST00000535335.1	496	18	9	9.0	72.22	55.556	17.7	1
KLF6-SV1	195	ENST00000540845.5	496	18	9	9.0	72.22	55.556	17.7	1
# BLASTP 2.7.1+
# Query: KLF6
# Database: User specified sequence set (Input: /home/fieldima/blastplus/blastp/blastdb/human_KLF6_sequences.fa)
# Fields: query acc.ver, query length, subject acc.ver, subject length, alignment length, % query coverage per subject, evalue, % positives, % identity, bit score, gaps
# 55 hits found
KLF6	283	ENST00000309446.11	303	321	100	1.67e-93	58.57	49.533	270	57
KLF6	283	ENST00000421199.5	270	287	88	2.31e-71	55.05	45.645	213	57
KLF6	283	ENST00000412414.6	275	287	88	9.05e-71	55.05	45.645	211	57
KLF6	283	ENST00000261438.10	346	104	36	8.65e-55	83.65	72.115	172	2
KLF6	283	ENST00000377669.6	403	93	33	6.30e-54	89.25	79.570	172	1
KLF6	283	ENST00000539231.5	367	98	34	6.55e-53	86.73	74.490	168	1
KLF6	283	ENST00000377687.6	458	96	34	3.76e-52	87.50	76.042	168	1
KLF6	283	ENST00000468660.6	360	87	31	1.05e-51	89.66	75.862	165	0
KLF6	283	ENST00000610832.1	146	134	47	4.67e-47	64.18	56.716	146	3
KLF6	283	ENST00000264834.6	363	88	31	3.30e-46	81.82	76.136	150	0
KLF6	283	ENST00000374672.5	480	91	36	6.66e-46	79.12	72.527	152	0
KLF6	283	ENST00000374672.5	480	58	36	7.1	37.93	27.586	18.5	9
KLF6	283	ENST00000248071.6	356	91	32	7.66e-46	81.32	72.527	149	0
KLF6	283	ENST00000458272.1	113	58	48	6.68e-40	100.00	93.103	127	0
KLF6	283	ENST00000458272.1	113	53	48	5.35e-24	86.79	77.358	85.5	0
KLF6	283	ENST00000458272.1	113	56	48	1.99e-09	58.93	37.500	45.8	2
KLF6	283	ENST00000535335.1	496	88	31	1.50e-38	76.14	67.045	132	0
KLF6	283	ENST00000535335.1	496	75	31	1.31e-12	53.33	40.000	58.2	2
KLF6	283	ENST00000535335.1	496	9	31	10.0	66.67	66.667	18.1	0
KLF6	283	ENST00000540845.5	496	88	31	1.50e-38	76.14	67.045	132	0
KLF6	283	ENST00000540845.5	496	75	31	1.31e-12	53.33	40.000	58.2	2
KLF6	283	ENST00000540845.5	496	9	31	10.0	66.67	66.667	18.1	0
KLF6	283	ENST00000305883.6	513	88	37	1.90e-38	76.14	67.045	132	0
KLF6	283	ENST00000305883.6	513	75	37	1.38e-12	53.33	40.000	58.2	2
KLF6	283	ENST00000305883.6	513	9	37	9.8	66.67	66.667	18.1	0
KLF6	283	ENST00000305883.6	513	18	37	10.0	72.22	55.556	18.1	1
KLF6	283	ENST00000285407.11	481	89	31	5.59e-38	71.91	67.416	131	0
KLF6	283	ENST00000395884.3	470	89	31	6.00e-38	71.91	67.416	130	0
KLF6	283	ENST00000296233.4	417	85	30	1.83e-37	81.18	62.353	129	0
KLF6	283	ENST00000616962.1	287	86	30	4.25e-37	75.58	62.791	125	0
KLF6	283	ENST00000621843.1	289	86	30	6.49e-37	75.58	62.791	124	0
KLF6	283	ENST00000307145.4	289	86	30	6.49e-37	75.58	62.791	124	0
KLF6	283	ENST00000377126.3	245	141	50	7.46e-36	60.28	48.227	120	12
KLF6	283	ENST00000377126.3	245	19	50	0.19	57.89	47.368	23.5	0
KLF6	283	ENST00000583337.3	324	83	29	1.44e-33	72.29	61.446	116	0
KLF6	283	ENST00000583337.3	324	30	29	0.25	46.67	33.333	23.1	0
KLF6	283	ENST00000617223.1	253	83	29	5.47e-33	73.49	62.651	113	0
KLF6	283	ENST00000250916.6	253	83	29	5.47e-33	73.49	62.651	113	0
KLF6	283	ENST00000541015.5	253	83	29	5.47e-33	73.49	62.651	113	0
KLF6	283	ENST00000372299.4	390	93	31	1.22e-32	64.52	55.914	115	5
KLF6	283	ENST00000423015.5	231	190	60	2.16e-25	52.63	40.000	92.4	49
KLF6	283	ENST00000457962.5	60	53	19	1.50e-24	86.79	77.358	85.5	0
KLF6	283	ENST00000426163.5	112	53	19	9.06e-24	86.79	77.358	85.1	0
KLF6	283	ENST00000560473.1	101	57	29	4.09e-21	71.93	57.895	77.4	0
KLF6	283	ENST00000560473.1	101	58	29	2.05e-12	56.90	46.552	53.9	2
KLF6	283	ENST00000592313.1	116	57	29	9.08e-21	73.68	59.649	77.0	0
KLF6	283	ENST00000592313.1	116	58	29	2.87e-12	56.90	46.552	53.9	2
KLF6	283	ENST00000451244.1	52	51	18	1.69e-16	74.51	66.667	63.5	2
KLF6	283	ENST00000435602.1	175	154	47	1.03e-04	44.81	31.169	33.1	49
KLF6	283	ENST00000558844.1	14	12	13	0.18	83.33	66.667	20.8	0
KLF6	283	ENST00000558844.1	14	12	13	0.19	75.00	66.667	20.8	0
KLF6	283	ENST00000558844.1	14	12	13	4.9	58.33	50.000	16.5	0
KLF6	283	ENST00000440320.5	122	18	6	7.5	72.22	55.556	18.1	1
KLF6	283	ENST00000401510.5	127	18	6	8.0	72.22	55.556	18.1	1
KLF6	283	ENST00000448523.5	163	18	6	8.7	72.22	55.556	18.1	1
# BLAST processed 2 queries
