# BLASTP 2.7.1+
# Query: PML.I
# Database: User specified sequence set (Input: /home/fieldima/blastplus/blastp/blastdb/human_PML_sequences.fa)
# Fields: query acc.ver, query length, subject acc.ver, subject length, alignment length, % query coverage per subject, evalue, % positives, % identity, bit score, gaps
# 213 hits found
PML.I	882	ENST00000343526.9	1051	291	28	1.79e-15	40.89	24.399	74.3	60
PML.I	882	ENST00000415680.6	1017	291	28	2.20e-15	40.89	24.399	73.9	60
PML.I	882	ENST00000358465.7	1128	261	27	2.45e-13	41.38	24.138	67.4	40
PML.I	882	ENST00000369543.6	1111	261	27	2.46e-13	41.38	24.138	67.4	40
PML.I	882	ENST00000256649.9	581	349	33	2.78e-13	38.40	23.782	66.6	90
PML.I	882	ENST00000369464.7	563	349	33	3.47e-13	38.40	23.782	66.2	90
PML.I	882	ENST00000338700.10	772	408	44	2.54e-12	36.27	23.039	63.9	86
PML.I	882	ENST00000253024.10	836	298	31	2.71e-12	41.61	22.148	63.9	47
PML.I	882	ENST00000674935.1	767	387	42	5.76e-12	36.69	22.222	62.8	79
PML.I	882	ENST00000675977.1	763	387	42	5.99e-12	36.69	22.222	62.8	79
PML.I	882	ENST00000674726.1	766	387	42	6.11e-12	36.69	22.222	62.8	79
PML.I	882	ENST00000674896.1	762	387	42	6.64e-12	36.69	22.222	62.4	79
PML.I	882	ENST00000675804.1	700	387	42	7.16e-12	36.69	22.222	62.4	79
PML.I	882	ENST00000675210.1	648	387	42	8.55e-12	36.69	22.222	62.0	79
PML.I	882	ENST00000676458.1	745	372	40	8.70e-12	36.83	22.581	62.0	79
PML.I	882	ENST00000676264.1	745	372	40	8.70e-12	36.83	22.581	62.0	79
PML.I	882	ENST00000674976.1	745	372	40	8.70e-12	36.83	22.581	62.0	79
PML.I	882	ENST00000676348.1	745	372	40	8.70e-12	36.83	22.581	62.0	79
PML.I	882	ENST00000675745.1	745	372	40	8.70e-12	36.83	22.581	62.0	79
PML.I	882	ENST00000675835.1	745	372	40	8.70e-12	36.83	22.581	62.0	79
PML.I	882	ENST00000675159.1	745	372	40	8.70e-12	36.83	22.581	62.0	79
PML.I	882	ENST00000674876.1	745	372	40	8.70e-12	36.83	22.581	62.0	79
PML.I	882	ENST00000674874.1	745	372	40	8.70e-12	36.83	22.581	62.0	79
PML.I	882	ENST00000675315.1	745	372	40	8.70e-12	36.83	22.581	62.0	79
PML.I	882	ENST00000676252.1	745	372	40	8.70e-12	36.83	22.581	62.0	79
PML.I	882	ENST00000675054.1	745	372	40	8.70e-12	36.83	22.581	62.0	79
PML.I	882	ENST00000675384.1	745	372	40	8.70e-12	36.83	22.581	62.0	79
PML.I	882	ENST00000675293.1	745	372	40	8.70e-12	36.83	22.581	62.0	79
PML.I	882	ENST00000676423.1	745	372	40	8.70e-12	36.83	22.581	62.0	79
PML.I	882	ENST00000676172.1	745	372	40	8.70e-12	36.83	22.581	62.0	79
PML.I	882	ENST00000676374.1	745	372	40	8.70e-12	36.83	22.581	62.0	79
PML.I	882	ENST00000437508.7	745	372	40	8.70e-12	36.83	22.581	62.0	79
PML.I	882	ENST00000676167.1	749	372	40	8.95e-12	36.83	22.581	62.0	79
PML.I	882	ENST00000676408.1	749	372	40	8.95e-12	36.83	22.581	62.0	79
PML.I	882	ENST00000675899.1	749	372	40	8.95e-12	36.83	22.581	62.0	79
PML.I	882	ENST00000676202.1	644	387	42	8.97e-12	36.69	22.222	62.0	79
PML.I	882	ENST00000675567.1	637	387	42	1.19e-11	36.69	22.222	61.6	79
PML.I	882	ENST00000494872.6	682	372	40	1.23e-11	36.83	22.581	61.6	79
PML.I	882	ENST00000460908.2	682	372	40	1.23e-11	36.83	22.581	61.6	79
PML.I	882	ENST00000675239.1	619	372	40	1.59e-11	36.83	22.581	61.2	79
PML.I	882	ENST00000306085.11	756	267	28	7.65e-10	38.58	24.719	55.8	22
PML.I	882	ENST00000674769.1	744	173	17	8.42e-10	40.46	28.902	55.8	30
PML.I	882	ENST00000675738.1	743	173	17	8.63e-10	40.46	28.902	55.8	30
PML.I	882	ENST00000675340.1	726	158	15	1.01e-09	41.14	30.380	55.5	30
PML.I	882	ENST00000675780.1	726	158	15	1.01e-09	41.14	30.380	55.5	30
PML.I	882	ENST00000674872.1	726	158	15	1.01e-09	41.14	30.380	55.5	30
PML.I	882	ENST00000525074.5	745	143	13	2.03e-09	42.66	30.070	54.7	32
PML.I	882	ENST00000359518.7	745	143	13	2.03e-09	42.66	30.070	54.7	32
PML.I	882	ENST00000345851.8	745	143	13	2.03e-09	42.66	30.070	54.7	32
PML.I	882	ENST00000369461.3	524	286	30	4.43e-09	40.56	23.776	53.1	56
PML.I	882	ENST00000528227.5	261	141	29	4.24e-08	41.13	28.369	48.9	34
PML.I	882	ENST00000528227.5	261	135	29	0.042	41.48	24.444	30.4	13
PML.I	882	ENST00000529529.1	96	86	9	5.26e-08	48.84	38.372	45.4	13
PML.I	882	ENST00000674730.1	651	93	10	7.65e-08	46.24	34.409	49.3	11
PML.I	882	ENST00000676196.1	656	93	10	7.74e-08	46.24	34.409	49.3	11
PML.I	882	ENST00000675312.1	652	93	10	7.85e-08	46.24	34.409	49.3	11
PML.I	882	ENST00000674847.1	798	93	37	8.22e-08	46.24	34.409	49.3	11
PML.I	882	ENST00000674847.1	798	202	37	6.59e-05	41.09	21.782	40.0	21
PML.I	882	ENST00000674847.1	798	50	37	1.5	48.00	30.000	25.8	5
PML.I	882	ENST00000675492.1	634	78	8	8.53e-08	48.72	38.462	49.3	11
PML.I	882	ENST00000675425.1	634	78	8	8.53e-08	48.72	38.462	49.3	11
PML.I	882	ENST00000676220.1	128	78	8	8.70e-08	48.72	38.462	45.8	11
PML.I	882	ENST00000675411.1	128	78	8	8.70e-08	48.72	38.462	45.8	11
PML.I	882	ENST00000676224.1	140	78	8	9.73e-08	48.72	38.462	45.8	11
PML.I	882	ENST00000675744.1	140	78	8	9.73e-08	48.72	38.462	45.8	11
PML.I	882	ENST00000675623.1	140	78	8	9.73e-08	48.72	38.462	45.8	11
PML.I	882	ENST00000675343.1	140	78	8	9.73e-08	48.72	38.462	45.8	11
PML.I	882	ENST00000675673.1	776	78	35	9.92e-08	48.72	38.462	48.9	11
PML.I	882	ENST00000675673.1	776	202	35	6.12e-05	41.09	21.782	40.0	21
PML.I	882	ENST00000675673.1	776	50	35	1.5	48.00	30.000	25.8	5
PML.I	882	ENST00000675063.1	776	78	35	9.92e-08	48.72	38.462	48.9	11
PML.I	882	ENST00000675063.1	776	202	35	6.12e-05	41.09	21.782	40.0	21
PML.I	882	ENST00000675063.1	776	50	35	1.5	48.00	30.000	25.8	5
PML.I	882	ENST00000675456.1	375	93	10	1.34e-07	46.24	34.409	48.1	11
PML.I	882	ENST00000676191.1	376	93	10	1.39e-07	46.24	34.409	48.1	11
PML.I	882	ENST00000368382.5	737	269	32	1.46e-07	41.64	25.651	48.5	38
PML.I	882	ENST00000368382.5	737	26	32	0.13	53.85	46.154	29.3	0
PML.I	882	ENST00000675611.1	358	78	8	1.46e-07	48.72	38.462	47.8	11
PML.I	882	ENST00000611379.1	747	269	32	1.46e-07	41.64	25.651	48.5	38
PML.I	882	ENST00000611379.1	747	26	32	0.13	53.85	46.154	29.3	0
PML.I	882	ENST00000334634.9	760	269	32	1.56e-07	41.64	25.651	48.5	38
PML.I	882	ENST00000334634.9	760	26	32	0.12	53.85	46.154	29.3	0
PML.I	882	ENST00000543729.5	499	269	32	1.82e-07	41.64	25.651	47.8	38
PML.I	882	ENST00000543729.5	499	26	32	0.34	53.85	46.154	27.7	0
PML.I	882	ENST00000675783.1	157	78	8	2.38e-07	48.72	38.462	45.1	11
PML.I	882	ENST00000676291.1	158	78	8	2.54e-07	48.72	38.462	45.1	11
PML.I	882	ENST00000299550.10	1217	208	23	2.56e-07	40.38	21.635	47.8	17
PML.I	882	ENST00000368385.8	552	269	32	2.57e-07	41.64	25.651	47.4	38
PML.I	882	ENST00000368385.8	552	26	32	0.15	53.85	46.154	28.9	0
PML.I	882	ENST00000502281.3	137	78	8	2.74e-07	48.72	38.462	44.7	11
PML.I	882	ENST00000632856.2	137	78	8	2.74e-07	48.72	38.462	44.7	11
PML.I	882	ENST00000441616.6	137	78	8	2.74e-07	48.72	38.462	44.7	11
PML.I	882	ENST00000676158.1	173	78	8	2.99e-07	48.72	38.462	45.1	11
PML.I	882	ENST00000646038.1	1393	208	23	3.23e-07	40.38	21.635	47.4	17
PML.I	882	ENST00000545012.5	634	269	29	3.24e-07	41.64	25.651	47.4	38
PML.I	882	ENST00000368383.7	645	269	32	3.58e-07	41.64	25.651	47.0	38
PML.I	882	ENST00000368383.7	645	26	32	0.11	53.85	46.154	29.3	0
PML.I	882	ENST00000674786.1	156	78	8	4.73e-07	48.72	38.462	44.3	11
PML.I	882	ENST00000675136.1	156	78	8	4.73e-07	48.72	38.462	44.3	11
PML.I	882	ENST00000412507.1	305	180	19	5.69e-07	38.89	27.222	45.8	19
PML.I	882	ENST00000482578.3	155	78	8	6.01e-07	48.72	38.462	43.9	11
PML.I	882	ENST00000485032.1	303	266	28	3.22e-06	39.85	23.308	43.5	48
PML.I	882	ENST00000402157.6	1246	207	23	6.51e-06	40.58	20.290	43.1	17
PML.I	882	ENST00000513154.6	717	267	29	1.16e-05	38.20	21.723	42.4	33
PML.I	882	ENST00000282369.7	729	267	29	1.40e-05	38.20	21.723	42.0	33
PML.I	882	ENST00000467847.1	65	48	5	1.99e-05	56.25	39.583	37.4	4
PML.I	882	ENST00000594806.5	178	99	11	2.10e-05	42.42	29.293	39.7	17
PML.I	882	ENST00000676335.1	659	212	27	2.59e-05	41.04	22.170	41.2	22
PML.I	882	ENST00000676335.1	659	36	27	1.3	50.00	30.556	25.8	2
PML.I	882	ENST00000675710.1	659	212	27	2.59e-05	41.04	22.170	41.2	22
PML.I	882	ENST00000675710.1	659	36	27	1.3	50.00	30.556	25.8	2
PML.I	882	ENST00000675782.1	659	212	27	2.59e-05	41.04	22.170	41.2	22
PML.I	882	ENST00000675782.1	659	36	27	1.3	50.00	30.556	25.8	2
PML.I	882	ENST00000433687.2	596	212	27	3.50e-05	41.04	22.170	40.8	22
PML.I	882	ENST00000433687.2	596	36	27	1.2	50.00	30.556	25.8	2
PML.I	882	ENST00000479460.5	177	146	15	4.24e-05	44.52	26.027	38.9	27
PML.I	882	ENST00000471396.1	155	145	15	4.71e-05	43.45	25.517	38.5	25
PML.I	882	ENST00000450136.1	654	118	13	5.61e-05	41.53	27.119	40.0	9
PML.I	882	ENST00000373983.2	654	118	13	5.61e-05	41.53	27.119	40.0	9
PML.I	882	ENST00000392451.6	718	223	27	5.95e-05	39.91	23.318	40.0	29
PML.I	882	ENST00000392451.6	718	26	27	0.14	53.85	46.154	28.9	0
PML.I	882	ENST00000676029.1	82	39	4	6.68e-05	56.41	48.718	36.2	4
PML.I	882	ENST00000675627.1	82	39	4	6.68e-05	56.41	48.718	36.2	4
PML.I	882	ENST00000676033.1	82	39	4	6.68e-05	56.41	48.718	36.2	4
PML.I	882	ENST00000411410.1	173	126	13	7.85e-05	41.27	28.571	38.1	25
PML.I	882	ENST00000496222.1	179	145	15	8.07e-05	43.45	25.517	38.1	25
PML.I	882	ENST00000675348.1	99	39	4	1.17e-04	56.41	48.718	36.2	4
PML.I	882	ENST00000675462.1	99	39	4	1.17e-04	56.41	48.718	36.2	4
PML.I	882	ENST00000675412.1	100	39	4	1.29e-04	56.41	48.718	35.8	4
PML.I	882	ENST00000593582.5	162	137	15	1.56e-04	40.88	26.277	37.0	22
PML.I	882	ENST00000648772.1	457	376	37	1.63e-04	34.84	20.745	38.5	68
PML.I	882	ENST00000309784.9	404	143	14	2.65e-04	45.45	24.476	37.7	30
PML.I	882	ENST00000543469.1	324	143	14	3.11e-04	45.45	24.476	37.4	30
PML.I	882	ENST00000597968.1	61	35	4	3.21e-04	60.00	45.714	33.9	2
PML.I	882	ENST00000537230.2	631	376	37	4.74e-04	34.84	20.745	37.0	68
PML.I	882	ENST00000316881.9	631	376	37	4.74e-04	34.84	20.745	37.0	68
PML.I	882	ENST00000514154.1	574	208	23	5.29e-04	38.94	20.673	37.0	23
PML.I	882	ENST00000393066.7	965	133	28	5.57e-04	41.35	24.060	37.0	14
PML.I	882	ENST00000393066.7	965	182	28	0.15	36.81	24.725	28.9	31
PML.I	882	ENST00000262294.12	965	133	28	5.57e-04	41.35	24.060	37.0	14
PML.I	882	ENST00000262294.12	965	182	28	0.15	36.81	24.725	28.9	31
PML.I	882	ENST00000494486.1	111	60	5	6.16e-04	50.00	36.667	34.3	18
PML.I	882	ENST00000471155.5	114	60	5	6.32e-04	50.00	36.667	34.3	18
PML.I	882	ENST00000269383.8	518	50	5	0.002	48.00	36.000	35.0	4
PML.I	882	ENST00000540128.1	245	50	5	0.003	48.00	36.000	33.9	4
PML.I	882	ENST00000468542.1	68	54	4	0.008	50.00	35.185	30.0	15
PML.I	882	ENST00000442421.5	129	51	4	0.009	41.18	29.412	31.2	13
PML.I	882	ENST00000383763.6	869	287	31	0.011	40.42	23.693	32.7	47
PML.I	882	ENST00000383763.6	869	37	31	0.22	45.95	35.135	28.5	14
PML.I	882	ENST00000393065.6	931	94	21	0.012	44.68	24.468	32.7	9
PML.I	882	ENST00000393065.6	931	103	21	0.20	40.78	26.214	28.5	9
PML.I	882	ENST00000338969.9	803	46	20	0.018	52.17	34.783	32.0	0
PML.I	882	ENST00000338969.9	803	150	20	0.58	38.67	23.333	26.9	35
PML.I	882	ENST00000298355.7	711	46	20	0.019	52.17	34.783	32.0	0
PML.I	882	ENST00000298355.7	711	150	20	0.97	38.67	23.333	26.2	35
PML.I	882	ENST00000254816.6	639	56	7	0.022	39.29	32.143	31.6	14
PML.I	882	ENST00000254816.6	639	47	7	1.1	44.68	42.553	26.2	4
PML.I	882	ENST00000341753.10	754	15	20	0.028	86.67	73.333	31.2	0
PML.I	882	ENST00000341753.10	754	163	20	1.8	41.72	18.405	25.4	13
PML.I	882	ENST00000448034.5	889	117	13	0.029	43.59	19.658	31.2	6
PML.I	882	ENST00000360392.4	551	73	32	0.044	47.95	27.397	30.4	1
PML.I	882	ENST00000360392.4	551	246	32	0.95	36.59	22.358	26.2	51
PML.I	882	ENST00000274327.11	547	129	15	0.058	39.53	25.581	30.0	27
PML.I	882	ENST00000274327.11	547	27	15	5.6	51.85	37.037	23.9	0
PML.I	882	ENST00000231524.14	575	129	15	0.062	39.53	25.581	30.0	27
PML.I	882	ENST00000231524.14	575	27	15	5.1	51.85	37.037	23.9	0
PML.I	882	ENST00000457662.2	408	29	3	0.070	51.72	41.379	29.6	0
PML.I	882	ENST00000378182.4	408	29	3	0.070	51.72	41.379	29.6	0
PML.I	882	ENST00000420995.6	408	29	3	0.070	51.72	41.379	29.6	0
PML.I	882	ENST00000356017.8	411	29	3	0.070	51.72	41.379	29.6	0
PML.I	882	ENST00000381018.7	570	129	15	0.071	39.53	25.581	30.0	27
PML.I	882	ENST00000381018.7	570	27	15	5.4	51.85	37.037	23.9	0
PML.I	882	ENST00000374272.4	354	250	21	0.10	33.60	23.600	29.3	72
PML.I	882	ENST00000639856.1	704	135	17	0.13	37.78	23.704	28.9	24
PML.I	882	ENST00000639856.1	704	18	17	3.5	66.67	33.333	24.3	0
PML.I	882	ENST00000378183.8	266	29	3	0.14	51.72	41.379	28.5	0
PML.I	882	ENST00000380075.7	359	137	28	0.15	41.61	24.088	28.9	7
PML.I	882	ENST00000380075.7	359	150	28	0.70	34.00	24.000	26.6	47
PML.I	882	ENST00000643721.2	552	309	32	0.15	37.86	21.683	28.9	51
PML.I	882	ENST00000315962.9	549	148	25	0.16	34.46	25.676	28.9	47
PML.I	882	ENST00000315962.9	549	105	25	1.6	38.10	23.810	25.4	18
PML.I	882	ENST00000296098.4	401	310	29	0.22	37.10	21.935	28.1	66
PML.I	882	ENST00000291416.10	476	117	13	0.26	45.30	23.077	28.1	11
PML.I	882	ENST00000444294.7	782	41	9	0.29	51.22	36.585	28.1	3
PML.I	882	ENST00000444294.7	782	39	9	0.83	46.15	30.769	26.6	1
PML.I	882	ENST00000366653.5	784	41	9	0.31	51.22	36.585	27.7	3
PML.I	882	ENST00000366653.5	784	39	9	0.87	46.15	30.769	26.6	1
PML.I	882	ENST00000276573.11	541	148	25	0.33	34.46	25.676	27.7	47
PML.I	882	ENST00000276573.11	541	105	25	1.7	38.10	23.810	25.4	18
PML.I	882	ENST00000449018.7	722	41	5	0.33	51.22	36.585	27.7	3
PML.I	882	ENST00000505205.1	127	31	3	0.40	51.61	38.710	26.6	5
PML.I	882	ENST00000353317.9	453	148	25	0.49	34.46	25.676	26.9	47
PML.I	882	ENST00000353317.9	453	105	25	2.7	38.10	23.810	24.6	18
PML.I	882	ENST00000533302.5	170	38	4	0.59	57.89	34.211	26.2	4
PML.I	882	ENST00000559390.5	501	44	18	0.64	40.91	31.818	26.9	6
PML.I	882	ENST00000559390.5	501	124	18	3.0	44.35	22.581	24.6	8
PML.I	882	ENST00000329464.9	501	44	18	0.64	40.91	31.818	26.9	6
PML.I	882	ENST00000329464.9	501	124	18	3.0	44.35	22.581	24.6	8
PML.I	882	ENST00000633414.1	501	44	18	0.65	40.91	31.818	26.6	6
PML.I	882	ENST00000633414.1	501	124	18	2.7	44.35	22.581	24.6	8
PML.I	882	ENST00000621836.3	501	44	18	0.65	40.91	31.818	26.6	6
PML.I	882	ENST00000621836.3	501	124	18	2.7	44.35	22.581	24.6	8
PML.I	882	ENST00000302424.12	394	35	3	0.81	51.43	37.143	26.2	6
PML.I	882	ENST00000508894.1	170	28	3	0.83	57.14	35.714	25.8	0
PML.I	882	ENST00000529044.5	328	32	4	0.99	59.38	37.500	26.2	4
PML.I	882	ENST00000350034.4	242	148	19	1.1	34.46	25.676	25.8	47
PML.I	882	ENST00000350034.4	242	59	19	9.6	40.68	25.424	22.7	3
PML.I	882	ENST00000341846.10	589	32	4	1.1	59.38	37.500	25.8	4
PML.I	882	ENST00000286349.4	724	36	4	1.4	44.44	36.111	25.8	0
PML.I	882	ENST00000531555.5	120	33	4	1.5	60.61	36.364	24.6	4
PML.I	882	ENST00000528870.5	122	33	4	1.8	60.61	36.364	24.3	4
PML.I	882	ENST00000526881.1	94	33	4	2.3	60.61	36.364	23.5	4
PML.I	882	ENST00000536344.5	626	18	2	3.1	66.67	33.333	24.6	0
# BLASTP 2.7.1+
# Query: PML.II
# Database: User specified sequence set (Input: /home/fieldima/blastplus/blastp/blastdb/human_PML_sequences.fa)
# Fields: query acc.ver, query length, subject acc.ver, subject length, alignment length, % query coverage per subject, evalue, % positives, % identity, bit score, gaps
# 248 hits found
PML.II	829	ENST00000343526.9	1051	291	30	4.51e-16	40.89	24.399	76.3	60
PML.II	829	ENST00000415680.6	1017	291	30	8.22e-16	40.89	24.399	75.5	60
PML.II	829	ENST00000358465.7	1128	261	28	2.68e-14	41.38	24.138	70.5	40
PML.II	829	ENST00000369543.6	1111	261	28	2.86e-14	41.38	24.138	70.5	40
PML.II	829	ENST00000256649.9	581	348	35	4.23e-13	38.22	23.563	66.2	90
PML.II	829	ENST00000369464.7	563	337	35	4.38e-13	38.87	23.442	65.9	68
PML.II	829	ENST00000253024.10	836	298	33	2.61e-12	41.28	21.812	63.9	47
PML.II	829	ENST00000338700.10	772	208	45	5.31e-10	39.42	29.808	56.2	40
PML.II	829	ENST00000338700.10	772	212	45	7.65e-06	41.04	22.170	42.7	22
PML.II	829	ENST00000306085.11	756	267	30	1.41e-09	38.58	24.345	55.1	22
PML.II	829	ENST00000525074.5	745	143	14	1.76e-09	42.66	30.070	54.7	32
PML.II	829	ENST00000359518.7	745	143	14	1.76e-09	42.66	30.070	54.7	32
PML.II	829	ENST00000345851.8	745	143	14	1.76e-09	42.66	30.070	54.7	32
PML.II	829	ENST00000674726.1	766	187	43	1.80e-09	40.64	28.877	54.7	33
PML.II	829	ENST00000674726.1	766	212	43	6.95e-06	41.04	22.170	42.7	22
PML.II	829	ENST00000675738.1	743	187	28	1.82e-09	40.64	28.877	54.7	33
PML.II	829	ENST00000675738.1	743	81	28	0.023	41.98	28.395	31.6	8
PML.II	829	ENST00000674935.1	767	187	43	1.83e-09	40.64	28.877	54.7	33
PML.II	829	ENST00000674935.1	767	212	43	6.84e-06	41.04	22.170	43.1	22
PML.II	829	ENST00000676202.1	644	187	43	1.83e-09	41.18	29.412	54.3	33
PML.II	829	ENST00000676202.1	644	212	43	9.39e-06	41.04	22.170	42.4	22
PML.II	829	ENST00000675977.1	763	187	43	1.84e-09	40.64	28.877	54.7	33
PML.II	829	ENST00000675977.1	763	212	43	6.95e-06	41.04	22.170	42.7	22
PML.II	829	ENST00000675210.1	648	187	43	1.87e-09	41.18	29.412	54.3	33
PML.II	829	ENST00000675210.1	648	212	43	9.99e-06	41.04	22.170	42.4	22
PML.II	829	ENST00000674896.1	762	187	43	1.87e-09	40.64	28.877	54.7	33
PML.II	829	ENST00000674896.1	762	212	43	6.83e-06	41.04	22.170	43.1	22
PML.II	829	ENST00000674769.1	744	187	28	1.92e-09	40.64	28.877	54.3	33
PML.II	829	ENST00000674769.1	744	81	28	0.023	41.98	28.395	31.6	8
PML.II	829	ENST00000675567.1	637	187	43	2.12e-09	41.18	29.412	54.3	33
PML.II	829	ENST00000675567.1	637	212	43	8.02e-06	41.04	22.170	42.7	22
PML.II	829	ENST00000494872.6	682	172	42	2.27e-09	41.86	30.814	54.3	33
PML.II	829	ENST00000494872.6	682	212	42	1.38e-05	41.04	22.170	42.0	22
PML.II	829	ENST00000460908.2	682	172	42	2.27e-09	41.86	30.814	54.3	33
PML.II	829	ENST00000460908.2	682	212	42	1.38e-05	41.04	22.170	42.0	22
PML.II	829	ENST00000676458.1	745	172	42	2.30e-09	41.28	30.233	54.3	33
PML.II	829	ENST00000676458.1	745	212	42	8.91e-06	41.04	22.170	42.7	22
PML.II	829	ENST00000676264.1	745	172	42	2.30e-09	41.28	30.233	54.3	33
PML.II	829	ENST00000676264.1	745	212	42	8.91e-06	41.04	22.170	42.7	22
PML.II	829	ENST00000674976.1	745	172	42	2.30e-09	41.28	30.233	54.3	33
PML.II	829	ENST00000674976.1	745	212	42	8.91e-06	41.04	22.170	42.7	22
PML.II	829	ENST00000676348.1	745	172	42	2.30e-09	41.28	30.233	54.3	33
PML.II	829	ENST00000676348.1	745	212	42	8.91e-06	41.04	22.170	42.7	22
PML.II	829	ENST00000675745.1	745	172	42	2.30e-09	41.28	30.233	54.3	33
PML.II	829	ENST00000675745.1	745	212	42	8.91e-06	41.04	22.170	42.7	22
PML.II	829	ENST00000675835.1	745	172	42	2.30e-09	41.28	30.233	54.3	33
PML.II	829	ENST00000675835.1	745	212	42	8.91e-06	41.04	22.170	42.7	22
PML.II	829	ENST00000675159.1	745	172	42	2.30e-09	41.28	30.233	54.3	33
PML.II	829	ENST00000675159.1	745	212	42	8.91e-06	41.04	22.170	42.7	22
PML.II	829	ENST00000674876.1	745	172	42	2.30e-09	41.28	30.233	54.3	33
PML.II	829	ENST00000674876.1	745	212	42	8.91e-06	41.04	22.170	42.7	22
PML.II	829	ENST00000674874.1	745	172	42	2.30e-09	41.28	30.233	54.3	33
PML.II	829	ENST00000674874.1	745	212	42	8.91e-06	41.04	22.170	42.7	22
PML.II	829	ENST00000675315.1	745	172	42	2.30e-09	41.28	30.233	54.3	33
PML.II	829	ENST00000675315.1	745	212	42	8.91e-06	41.04	22.170	42.7	22
PML.II	829	ENST00000676252.1	745	172	42	2.30e-09	41.28	30.233	54.3	33
PML.II	829	ENST00000676252.1	745	212	42	8.91e-06	41.04	22.170	42.7	22
PML.II	829	ENST00000675054.1	745	172	42	2.30e-09	41.28	30.233	54.3	33
PML.II	829	ENST00000675054.1	745	212	42	8.91e-06	41.04	22.170	42.7	22
PML.II	829	ENST00000675384.1	745	172	42	2.30e-09	41.28	30.233	54.3	33
PML.II	829	ENST00000675384.1	745	212	42	8.91e-06	41.04	22.170	42.7	22
PML.II	829	ENST00000675293.1	745	172	42	2.30e-09	41.28	30.233	54.3	33
PML.II	829	ENST00000675293.1	745	212	42	8.91e-06	41.04	22.170	42.7	22
PML.II	829	ENST00000676423.1	745	172	42	2.30e-09	41.28	30.233	54.3	33
PML.II	829	ENST00000676423.1	745	212	42	8.91e-06	41.04	22.170	42.7	22
PML.II	829	ENST00000676172.1	745	172	42	2.30e-09	41.28	30.233	54.3	33
PML.II	829	ENST00000676172.1	745	212	42	8.91e-06	41.04	22.170	42.7	22
PML.II	829	ENST00000676374.1	745	172	42	2.30e-09	41.28	30.233	54.3	33
PML.II	829	ENST00000676374.1	745	212	42	8.91e-06	41.04	22.170	42.7	22
PML.II	829	ENST00000437508.7	745	172	42	2.30e-09	41.28	30.233	54.3	33
PML.II	829	ENST00000437508.7	745	212	42	8.91e-06	41.04	22.170	42.7	22
PML.II	829	ENST00000676167.1	749	172	42	2.30e-09	41.28	30.233	54.3	33
PML.II	829	ENST00000676167.1	749	212	42	9.48e-06	41.04	22.170	42.4	22
PML.II	829	ENST00000676408.1	749	172	42	2.30e-09	41.28	30.233	54.3	33
PML.II	829	ENST00000676408.1	749	212	42	9.48e-06	41.04	22.170	42.4	22
PML.II	829	ENST00000675899.1	749	172	42	2.30e-09	41.28	30.233	54.3	33
PML.II	829	ENST00000675899.1	749	212	42	9.48e-06	41.04	22.170	42.4	22
PML.II	829	ENST00000675340.1	726	172	27	2.31e-09	41.28	30.233	54.3	33
PML.II	829	ENST00000675340.1	726	81	27	0.023	41.98	28.395	31.6	8
PML.II	829	ENST00000675780.1	726	172	27	2.31e-09	41.28	30.233	54.3	33
PML.II	829	ENST00000675780.1	726	81	27	0.023	41.98	28.395	31.6	8
PML.II	829	ENST00000674872.1	726	172	27	2.31e-09	41.28	30.233	54.3	33
PML.II	829	ENST00000674872.1	726	81	27	0.023	41.98	28.395	31.6	8
PML.II	829	ENST00000675804.1	700	187	43	2.42e-09	41.18	29.412	53.9	33
PML.II	829	ENST00000675804.1	700	212	43	5.97e-06	41.04	22.170	43.1	22
PML.II	829	ENST00000675239.1	619	172	42	2.51e-09	41.86	30.814	53.9	33
PML.II	829	ENST00000675239.1	619	212	42	9.51e-06	41.04	22.170	42.4	22
PML.II	829	ENST00000369461.3	524	286	32	6.45e-09	40.21	23.427	52.4	56
PML.II	829	ENST00000529529.1	96	86	10	1.82e-08	48.84	38.372	46.6	13
PML.II	829	ENST00000528227.5	261	141	30	2.95e-08	41.13	28.369	49.3	34
PML.II	829	ENST00000528227.5	261	135	30	0.030	41.48	24.444	30.4	13
PML.II	829	ENST00000676220.1	128	78	9	3.45e-08	48.72	38.462	47.0	11
PML.II	829	ENST00000675411.1	128	78	9	3.45e-08	48.72	38.462	47.0	11
PML.II	829	ENST00000676224.1	140	78	9	3.99e-08	48.72	38.462	47.0	11
PML.II	829	ENST00000675744.1	140	78	9	3.99e-08	48.72	38.462	47.0	11
PML.II	829	ENST00000675623.1	140	78	9	3.99e-08	48.72	38.462	47.0	11
PML.II	829	ENST00000675343.1	140	78	9	3.99e-08	48.72	38.462	47.0	11
PML.II	829	ENST00000674730.1	651	93	10	5.19e-08	46.24	34.409	49.7	11
PML.II	829	ENST00000676196.1	656	93	10	5.21e-08	46.24	34.409	49.7	11
PML.II	829	ENST00000675312.1	652	93	10	5.38e-08	46.24	34.409	49.7	11
PML.II	829	ENST00000674847.1	798	93	39	5.40e-08	46.24	34.409	49.7	11
PML.II	829	ENST00000674847.1	798	202	39	2.11e-05	41.09	21.782	41.2	21
PML.II	829	ENST00000674847.1	798	50	39	3.3	48.00	30.000	24.6	5
PML.II	829	ENST00000675492.1	634	88	9	5.45e-08	47.73	37.500	49.7	16
PML.II	829	ENST00000675425.1	634	88	9	5.45e-08	47.73	37.500	49.7	16
PML.II	829	ENST00000675456.1	375	103	11	6.13e-08	45.63	33.981	48.9	16
PML.II	829	ENST00000676191.1	376	103	11	6.30e-08	45.63	33.981	48.9	16
PML.II	829	ENST00000675673.1	776	78	37	6.51e-08	48.72	38.462	49.7	11
PML.II	829	ENST00000675673.1	776	202	37	2.32e-05	41.09	21.782	41.2	21
PML.II	829	ENST00000675673.1	776	50	37	3.4	48.00	30.000	24.3	5
PML.II	829	ENST00000675063.1	776	78	37	6.51e-08	48.72	38.462	49.7	11
PML.II	829	ENST00000675063.1	776	202	37	2.32e-05	41.09	21.782	41.2	21
PML.II	829	ENST00000675063.1	776	50	37	3.4	48.00	30.000	24.3	5
PML.II	829	ENST00000675611.1	358	88	9	7.47e-08	47.73	37.500	48.5	16
PML.II	829	ENST00000676291.1	158	78	9	7.93e-08	48.72	38.462	46.6	11
PML.II	829	ENST00000675783.1	157	78	9	8.18e-08	48.72	38.462	46.2	11
PML.II	829	ENST00000676158.1	173	78	9	9.08e-08	48.72	38.462	46.6	11
PML.II	829	ENST00000502281.3	137	78	9	9.92e-08	48.72	38.462	45.8	11
PML.II	829	ENST00000632856.2	137	78	9	9.92e-08	48.72	38.462	45.8	11
PML.II	829	ENST00000441616.6	137	78	9	9.92e-08	48.72	38.462	45.8	11
PML.II	829	ENST00000482578.3	155	93	10	1.40e-07	46.24	34.409	45.8	11
PML.II	829	ENST00000543729.5	499	271	34	1.53e-07	41.70	26.568	48.1	40
PML.II	829	ENST00000543729.5	499	26	34	0.38	53.85	46.154	27.3	0
PML.II	829	ENST00000299550.10	1217	208	24	1.63e-07	40.38	21.635	48.5	17
PML.II	829	ENST00000646038.1	1393	208	24	2.08e-07	40.38	21.635	48.1	17
PML.II	829	ENST00000674786.1	156	78	9	2.27e-07	48.72	38.462	45.1	11
PML.II	829	ENST00000675136.1	156	78	9	2.27e-07	48.72	38.462	45.1	11
PML.II	829	ENST00000368382.5	737	270	34	2.34e-07	41.85	26.667	47.8	40
PML.II	829	ENST00000368382.5	737	26	34	0.15	53.85	46.154	28.9	0
PML.II	829	ENST00000611379.1	747	270	34	2.39e-07	41.85	26.667	47.8	40
PML.II	829	ENST00000611379.1	747	26	34	0.15	53.85	46.154	28.9	0
PML.II	829	ENST00000334634.9	760	270	34	2.78e-07	41.85	26.667	47.4	40
PML.II	829	ENST00000334634.9	760	26	34	0.14	53.85	46.154	28.9	0
PML.II	829	ENST00000368385.8	552	270	34	4.30e-07	41.85	26.667	46.6	40
PML.II	829	ENST00000368385.8	552	26	34	0.18	53.85	46.154	28.5	0
PML.II	829	ENST00000368383.7	645	270	34	5.54e-07	41.85	26.667	46.6	40
PML.II	829	ENST00000368383.7	645	26	34	0.13	53.85	46.154	28.9	0
PML.II	829	ENST00000545012.5	634	270	31	6.93e-07	41.85	26.667	46.2	40
PML.II	829	ENST00000412507.1	305	180	20	1.18e-06	38.89	26.667	44.7	19
PML.II	829	ENST00000402157.6	1246	207	24	3.24e-06	40.58	20.290	44.3	17
PML.II	829	ENST00000485032.1	303	266	30	1.07e-05	39.85	23.308	41.6	48
PML.II	829	ENST00000676335.1	659	212	28	1.41e-05	41.04	22.170	42.0	22
PML.II	829	ENST00000676335.1	659	36	28	3.6	50.00	30.556	24.3	2
PML.II	829	ENST00000675710.1	659	212	28	1.41e-05	41.04	22.170	42.0	22
PML.II	829	ENST00000675710.1	659	36	28	3.6	50.00	30.556	24.3	2
PML.II	829	ENST00000675782.1	659	212	28	1.41e-05	41.04	22.170	42.0	22
PML.II	829	ENST00000675782.1	659	36	28	3.6	50.00	30.556	24.3	2
PML.II	829	ENST00000433687.2	596	212	28	1.85e-05	41.04	22.170	41.6	22
PML.II	829	ENST00000433687.2	596	36	28	3.2	50.00	30.556	24.3	2
PML.II	829	ENST00000467847.1	65	48	5	2.10e-05	56.25	39.583	37.0	4
PML.II	829	ENST00000513154.6	717	267	31	3.83e-05	38.20	21.723	40.4	33
PML.II	829	ENST00000676029.1	82	39	5	4.11e-05	56.41	48.718	36.6	4
PML.II	829	ENST00000675627.1	82	39	5	4.11e-05	56.41	48.718	36.6	4
PML.II	829	ENST00000676033.1	82	39	5	4.11e-05	56.41	48.718	36.6	4
PML.II	829	ENST00000282369.7	729	267	31	4.84e-05	38.20	21.723	40.0	33
PML.II	829	ENST00000594806.5	178	99	11	5.43e-05	42.42	29.293	38.5	17
PML.II	829	ENST00000392451.6	718	224	29	5.92e-05	40.18	24.554	40.0	31
PML.II	829	ENST00000392451.6	718	26	29	0.17	53.85	46.154	28.5	0
PML.II	829	ENST00000675348.1	99	39	5	6.81e-05	56.41	48.718	36.6	4
PML.II	829	ENST00000675462.1	99	39	5	6.81e-05	56.41	48.718	36.6	4
PML.II	829	ENST00000675412.1	100	39	5	7.03e-05	56.41	48.718	36.6	4
PML.II	829	ENST00000479460.5	177	145	15	2.32e-04	43.45	25.517	36.6	25
PML.II	829	ENST00000471396.1	155	145	15	2.78e-04	43.45	25.517	36.2	25
PML.II	829	ENST00000593582.5	162	137	16	3.07e-04	40.88	26.277	35.8	22
PML.II	829	ENST00000450136.1	654	126	13	3.24e-04	40.48	28.571	37.4	25
PML.II	829	ENST00000373983.2	654	126	13	3.24e-04	40.48	28.571	37.4	25
PML.II	829	ENST00000411410.1	173	126	13	4.64e-04	41.27	28.571	35.4	25
PML.II	829	ENST00000597968.1	61	35	4	4.79e-04	60.00	45.714	33.1	2
PML.II	829	ENST00000496222.1	179	145	15	5.00e-04	43.45	25.517	35.4	25
PML.II	829	ENST00000648772.1	457	376	39	8.47e-04	34.84	20.745	35.8	68
PML.II	829	ENST00000543469.1	324	143	15	0.001	45.45	24.476	35.4	30
PML.II	829	ENST00000309784.9	404	143	15	0.002	45.45	24.476	34.7	30
PML.II	829	ENST00000471155.5	114	60	5	0.002	50.00	36.667	32.7	18
PML.II	829	ENST00000514154.1	574	208	25	0.002	38.94	20.673	34.7	23
PML.II	829	ENST00000269383.8	518	50	6	0.002	48.00	36.000	34.7	4
PML.II	829	ENST00000393066.7	965	133	27	0.002	41.35	24.060	34.7	14
PML.II	829	ENST00000393066.7	965	103	27	0.18	40.78	26.214	28.5	9
PML.II	829	ENST00000262294.12	965	133	27	0.002	41.35	24.060	34.7	14
PML.II	829	ENST00000262294.12	965	103	27	0.18	40.78	26.214	28.5	9
PML.II	829	ENST00000448034.5	889	117	14	0.003	43.59	19.658	34.3	6
PML.II	829	ENST00000540128.1	245	50	6	0.005	48.00	36.000	33.1	4
PML.II	829	ENST00000537230.2	631	376	39	0.005	34.84	20.745	33.5	68
PML.II	829	ENST00000316881.9	631	376	39	0.005	34.84	20.745	33.5	68
PML.II	829	ENST00000468542.1	68	60	5	0.011	50.00	36.667	29.6	18
PML.II	829	ENST00000494486.1	111	54	5	0.011	50.00	35.185	30.4	15
PML.II	829	ENST00000442421.5	129	51	5	0.017	41.18	29.412	30.4	13
PML.II	829	ENST00000643721.2	552	311	34	0.020	37.62	21.865	31.6	55
PML.II	829	ENST00000378183.8	266	51	5	0.026	41.18	29.412	30.8	13
PML.II	829	ENST00000383763.6	869	289	34	0.028	40.48	24.221	31.2	51
PML.II	829	ENST00000383763.6	869	51	34	0.33	43.14	31.373	27.7	15
PML.II	829	ENST00000338969.9	803	46	21	0.032	52.17	34.783	31.2	0
PML.II	829	ENST00000338969.9	803	150	21	0.28	38.67	23.333	28.1	35
PML.II	829	ENST00000254816.6	639	56	9	0.033	39.29	32.143	30.8	14
PML.II	829	ENST00000254816.6	639	60	9	2.4	38.33	31.667	25.0	13
PML.II	829	ENST00000341753.10	754	15	21	0.034	86.67	73.333	30.8	0
PML.II	829	ENST00000341753.10	754	163	21	0.60	41.72	18.405	26.9	13
PML.II	829	ENST00000298355.7	711	46	21	0.035	52.17	34.783	30.8	0
PML.II	829	ENST00000298355.7	711	150	21	0.46	38.67	23.333	27.3	35
PML.II	829	ENST00000360392.4	551	73	24	0.050	47.95	27.397	30.4	1
PML.II	829	ENST00000360392.4	551	150	24	0.39	38.67	23.333	27.3	35
PML.II	829	ENST00000393065.6	931	94	22	0.072	44.68	24.468	30.0	9
PML.II	829	ENST00000393065.6	931	103	22	0.16	40.78	26.214	28.9	9
PML.II	829	ENST00000505205.1	127	30	3	0.075	53.33	40.000	28.5	5
PML.II	829	ENST00000274327.11	547	129	15	0.11	39.53	25.581	29.3	27
PML.II	829	ENST00000274327.11	547	18	15	6.2	61.11	44.444	23.5	0
PML.II	829	ENST00000380075.7	359	137	30	0.11	41.61	24.088	28.9	7
PML.II	829	ENST00000380075.7	359	150	30	2.1	34.00	24.000	25.0	47
PML.II	829	ENST00000356017.8	411	29	3	0.12	51.72	41.379	28.9	0
PML.II	829	ENST00000381018.7	570	129	15	0.12	39.53	25.581	28.9	27
PML.II	829	ENST00000381018.7	570	18	15	6.4	61.11	44.444	23.5	0
PML.II	829	ENST00000231524.14	575	129	15	0.12	39.53	25.581	28.9	27
PML.II	829	ENST00000231524.14	575	18	15	6.0	61.11	44.444	23.5	0
PML.II	829	ENST00000457662.2	408	29	3	0.13	51.72	41.379	28.9	0
PML.II	829	ENST00000378182.4	408	29	3	0.13	51.72	41.379	28.9	0
PML.II	829	ENST00000420995.6	408	29	3	0.13	51.72	41.379	28.9	0
PML.II	829	ENST00000291416.10	476	117	14	0.15	45.30	23.077	28.5	11
PML.II	829	ENST00000639856.1	704	133	18	0.17	37.59	23.308	28.5	24
PML.II	829	ENST00000639856.1	704	18	18	3.5	66.67	33.333	24.3	0
PML.II	829	ENST00000296098.4	401	310	31	0.38	37.10	21.935	27.3	66
PML.II	829	ENST00000315962.9	549	148	36	0.43	34.46	25.676	27.3	47
PML.II	829	ENST00000315962.9	549	201	36	0.81	38.31	22.886	26.2	35
PML.II	829	ENST00000374272.4	354	249	23	0.49	34.54	24.498	26.9	72
PML.II	829	ENST00000444294.7	782	41	22	0.52	51.22	36.585	26.9	3
PML.II	829	ENST00000444294.7	782	39	22	1.4	46.15	30.769	25.8	1
PML.II	829	ENST00000444294.7	782	102	22	7.3	42.16	19.608	23.5	2
PML.II	829	ENST00000366653.5	784	41	22	0.55	51.22	36.585	26.9	3
PML.II	829	ENST00000366653.5	784	39	22	1.4	46.15	30.769	25.8	1
PML.II	829	ENST00000366653.5	784	102	22	7.5	42.16	19.608	23.1	2
PML.II	829	ENST00000449018.7	722	41	17	0.58	51.22	36.585	26.9	3
PML.II	829	ENST00000449018.7	722	102	17	8.0	42.16	19.608	23.1	2
PML.II	829	ENST00000633414.1	501	44	18	0.97	40.91	31.818	26.2	6
PML.II	829	ENST00000633414.1	501	120	18	2.6	44.17	23.333	24.6	8
PML.II	829	ENST00000559390.5	501	44	18	0.97	40.91	31.818	26.2	6
PML.II	829	ENST00000559390.5	501	120	18	2.8	44.17	23.333	24.6	8
PML.II	829	ENST00000621836.3	501	44	18	0.97	40.91	31.818	26.2	6
PML.II	829	ENST00000621836.3	501	120	18	2.6	44.17	23.333	24.6	8
PML.II	829	ENST00000329464.9	501	44	18	0.97	40.91	31.818	26.2	6
PML.II	829	ENST00000329464.9	501	120	18	2.8	44.17	23.333	24.6	8
PML.II	829	ENST00000302424.12	394	35	3	1.2	51.43	37.143	25.8	6
PML.II	829	ENST00000508894.1	170	28	3	1.2	57.14	35.714	25.4	0
PML.II	829	ENST00000276573.11	541	148	26	1.2	34.46	25.676	25.8	47
PML.II	829	ENST00000276573.11	541	105	26	1.5	38.10	23.810	25.4	18
PML.II	829	ENST00000286349.4	724	36	4	2.3	44.44	36.111	25.0	0
PML.II	829	ENST00000353317.9	453	149	26	2.4	34.23	25.503	24.6	47
PML.II	829	ENST00000353317.9	453	106	26	2.5	37.74	23.585	24.6	18
PML.II	829	ENST00000536344.5	626	18	2	3.2	66.67	33.333	24.3	0
PML.II	829	ENST00000350034.4	242	149	21	3.4	34.23	25.503	24.3	47
PML.II	829	ENST00000350034.4	242	60	21	9.4	43.33	26.667	22.7	3
# BLAST processed 2 queries
