# BLASTP 2.7.1+
# Query: OPN4S
# Database: User specified sequence set (Input: /home/fieldima/blastplus/blastp/blastdb/mouse_opn4_sequences.fa)
# Fields: query acc.ver, query length, subject acc.ver, subject length, alignment length, % query coverage per subject, evalue, % positives, % identity, bit score, gaps
# 24 hits found
OPN4S	466	ENSMUST00000196902.4	338	297	64	6.07e-56	53.87	34.007	180	11
OPN4S	466	ENSMUST00000171313.7	338	297	64	6.07e-56	53.87	34.007	180	11
OPN4S	466	ENSMUST00000032471.8	349	295	63	2.65e-49	52.88	29.492	162	13
OPN4S	466	ENSMUST00000032471.8	349	23	63	7.9	47.83	30.435	18.1	0
OPN4S	466	ENSMUST00000029648.10	380	339	64	6.52e-49	47.49	30.088	162	53
OPN4S	466	ENSMUST00000080428.12	347	285	61	3.61e-44	51.93	29.474	149	13
OPN4S	466	ENSMUST00000033771.10	360	296	63	8.52e-43	52.03	28.378	145	13
OPN4S	466	ENSMUST00000068355.7	378	299	70	2.32e-42	50.17	32.441	145	17
OPN4S	466	ENSMUST00000068355.7	378	77	70	2.3	38.96	25.974	19.6	12
OPN4S	466	ENSMUST00000068355.7	378	22	70	8.4	50.00	36.364	18.1	0
OPN4S	466	ENSMUST00000101457.9	390	301	63	4.47e-41	51.16	28.239	141	19
OPN4S	466	ENSMUST00000027809.7	401	256	55	2.21e-39	52.73	30.469	137	10
OPN4S	466	ENSMUST00000147483.2	284	187	40	3.28e-32	53.48	34.225	114	3
OPN4S	466	ENSMUST00000204711.2	203	187	40	3.99e-32	54.01	29.412	112	12
OPN4S	466	ENSMUST00000204711.2	203	23	40	8.2	47.83	30.435	17.7	0
OPN4S	466	ENSMUST00000200079.4	241	196	42	1.31e-28	51.02	31.122	103	9
OPN4S	466	ENSMUST00000022338.6	292	280	60	5.79e-26	46.07	28.571	97.4	33
OPN4S	466	ENSMUST00000203877.1	190	156	33	4.75e-25	54.49	28.846	92.4	12
OPN4S	466	ENSMUST00000203877.1	190	23	33	8.4	47.83	30.435	17.7	0
OPN4S	466	ENSMUST00000225070.1	262	197	42	5.48e-22	50.76	30.964	85.5	9
OPN4S	466	ENSMUST00000127445.1	165	115	24	1.00e-20	56.52	36.522	79.3	3
OPN4S	466	ENSMUST00000197535.1	131	76	16	1.42e-14	56.58	36.842	60.8	0
OPN4S	466	ENSMUST00000173653.1	61	61	13	3.63e-13	62.30	44.262	54.7	2
OPN4S	466	ENSMUST00000225403.1	113	63	14	4.74e-09	68.25	38.095	44.3	1
# BLASTP 2.7.1+
# Query: OPN4L
# Database: User specified sequence set (Input: /home/fieldima/blastplus/blastp/blastdb/mouse_opn4_sequences.fa)
# Fields: query acc.ver, query length, subject acc.ver, subject length, alignment length, % query coverage per subject, evalue, % positives, % identity, bit score, gaps
# 23 hits found
OPN4L	521	ENSMUST00000196902.4	338	297	57	1.85e-55	53.87	34.007	180	11
OPN4L	521	ENSMUST00000171313.7	338	297	57	1.85e-55	53.87	34.007	180	11
OPN4L	521	ENSMUST00000032471.8	349	295	56	8.25e-49	52.88	29.492	162	13
OPN4L	521	ENSMUST00000029648.10	380	339	57	1.43e-48	47.49	30.088	162	53
OPN4L	521	ENSMUST00000080428.12	347	285	54	1.49e-43	51.93	29.474	148	13
OPN4L	521	ENSMUST00000033771.10	360	296	56	3.21e-42	52.03	28.378	145	13
OPN4L	521	ENSMUST00000068355.7	378	299	62	6.22e-42	50.17	32.441	144	17
OPN4L	521	ENSMUST00000068355.7	378	77	62	2.5	38.96	25.974	20.0	12
OPN4L	521	ENSMUST00000068355.7	378	22	62	9.9	50.00	36.364	18.1	0
OPN4L	521	ENSMUST00000101457.9	390	301	56	1.07e-40	51.16	28.239	141	19
OPN4L	521	ENSMUST00000027809.7	401	256	49	2.88e-39	52.73	30.469	137	10
OPN4L	521	ENSMUST00000147483.2	284	187	36	5.33e-32	53.48	34.225	114	3
OPN4L	521	ENSMUST00000204711.2	203	187	36	6.70e-32	54.01	29.412	112	12
OPN4L	521	ENSMUST00000204711.2	203	23	36	9.9	47.83	30.435	17.7	0
OPN4L	521	ENSMUST00000200079.4	241	196	37	1.69e-28	51.02	31.122	103	9
OPN4L	521	ENSMUST00000022338.6	292	280	53	9.30e-26	46.07	28.571	97.4	33
OPN4L	521	ENSMUST00000203877.1	190	156	30	4.87e-25	54.49	28.846	92.4	12
OPN4L	521	ENSMUST00000203877.1	190	23	30	9.8	47.83	30.435	17.7	0
OPN4L	521	ENSMUST00000225070.1	262	197	37	1.04e-21	50.76	30.964	84.7	9
OPN4L	521	ENSMUST00000127445.1	165	115	22	1.06e-20	56.52	36.522	79.3	3
OPN4L	521	ENSMUST00000197535.1	131	76	15	1.20e-14	56.58	36.842	61.2	0
OPN4L	521	ENSMUST00000173653.1	61	61	11	4.90e-13	62.30	44.262	54.3	2
OPN4L	521	ENSMUST00000225403.1	113	65	12	5.12e-09	66.15	36.923	44.3	1
# BLAST processed 2 queries
