# BLASTP 2.7.1+
# Query: RYR3L
# Database: User specified sequence set (Input: /home/fieldima/blastplus/blastp/blastdb/mouse_ryr3_sequences.fa)
# Fields: query acc.ver, query length, subject acc.ver, subject length, alignment length, % query coverage per subject, evalue, % positives, % identity, bit score, gaps
# 64 hits found
RYR3L	4863	ENSMUST00000021750.14	4967	3649	99	0.0	80.84	67.772	4961	71
RYR3L	4863	ENSMUST00000021750.14	4967	1322	99	0.0	83.96	69.743	1989	24
RYR3L	4863	ENSMUST00000021750.14	4967	229	99	2.38e-24	49.34	29.258	105	14
RYR3L	4863	ENSMUST00000021750.14	4967	200	99	8.29e-24	51.50	31.000	103	10
RYR3L	4863	ENSMUST00000021750.14	4967	97	99	3.79e-11	53.61	29.897	61.6	0
RYR3L	4863	ENSMUST00000021750.14	4967	91	99	2.09e-04	49.45	29.670	39.3	8
RYR3L	4863	ENSMUST00000021750.14	4967	65	99	2.2	52.31	26.154	25.8	4
RYR3L	4863	ENSMUST00000021750.14	4967	61	99	3.6	40.98	31.148	25.0	3
RYR3L	4863	ENSMUST00000021750.14	4967	28	99	5.5	53.57	42.857	24.6	0
RYR3L	4863	ENSMUST00000021750.14	4967	32	99	7.1	53.12	40.625	24.3	1
RYR3L	4863	ENSMUST00000170156.2	4967	3652	99	0.0	80.86	67.798	4960	77
RYR3L	4863	ENSMUST00000170156.2	4967	1322	99	0.0	83.96	69.743	1989	24
RYR3L	4863	ENSMUST00000170156.2	4967	229	99	2.65e-24	49.34	29.258	105	14
RYR3L	4863	ENSMUST00000170156.2	4967	200	99	8.50e-24	51.50	31.000	103	10
RYR3L	4863	ENSMUST00000170156.2	4967	97	99	3.92e-11	53.61	29.897	61.6	0
RYR3L	4863	ENSMUST00000170156.2	4967	91	99	2.11e-04	49.45	29.670	39.3	8
RYR3L	4863	ENSMUST00000170156.2	4967	65	99	2.3	52.31	26.154	25.8	4
RYR3L	4863	ENSMUST00000170156.2	4967	61	99	3.6	40.98	31.148	25.0	3
RYR3L	4863	ENSMUST00000170156.2	4967	28	99	5.5	53.57	42.857	24.6	0
RYR3L	4863	ENSMUST00000170156.2	4967	32	99	7.2	53.12	40.625	24.3	1
RYR3L	4863	ENSMUST00000032813.9	5034	3634	99	0.0	78.65	64.805	4644	117
RYR3L	4863	ENSMUST00000032813.9	5034	1299	99	0.0	82.60	69.823	1906	18
RYR3L	4863	ENSMUST00000032813.9	5034	193	99	9.34e-25	52.33	34.715	106	12
RYR3L	4863	ENSMUST00000032813.9	5034	232	99	3.80e-21	47.41	28.448	94.7	20
RYR3L	4863	ENSMUST00000032813.9	5034	91	99	1.46e-08	49.45	26.374	52.8	0
RYR3L	4863	ENSMUST00000032813.9	5034	31	99	0.46	54.84	38.710	28.1	0
RYR3L	4863	ENSMUST00000032813.9	5034	30	99	9.8	53.33	30.000	23.9	0
RYR3L	4863	ENSMUST00000179893.8	5036	3636	99	0.0	78.60	64.769	4640	119
RYR3L	4863	ENSMUST00000179893.8	5036	1299	99	0.0	82.60	69.823	1905	18
RYR3L	4863	ENSMUST00000179893.8	5036	193	99	9.99e-25	52.33	34.715	106	12
RYR3L	4863	ENSMUST00000179893.8	5036	232	99	4.00e-21	47.41	28.448	94.4	20
RYR3L	4863	ENSMUST00000179893.8	5036	91	99	1.52e-08	49.45	26.374	52.8	0
RYR3L	4863	ENSMUST00000179893.8	5036	31	99	0.46	54.84	38.710	28.1	0
RYR3L	4863	ENSMUST00000179893.8	5036	30	99	10.0	53.33	30.000	23.5	0
RYR3L	4863	ENSMUST00000214374.1	5062	3655	99	0.0	78.17	64.432	4628	138
RYR3L	4863	ENSMUST00000214374.1	5062	1305	99	0.0	82.22	69.502	1903	23
RYR3L	4863	ENSMUST00000214374.1	5062	193	99	1.02e-24	52.33	34.715	106	12
RYR3L	4863	ENSMUST00000214374.1	5062	232	99	4.10e-21	47.41	28.448	94.4	20
RYR3L	4863	ENSMUST00000214374.1	5062	91	99	1.60e-08	49.45	26.374	52.8	0
RYR3L	4863	ENSMUST00000214374.1	5062	31	99	0.47	54.84	38.710	28.1	0
RYR3L	4863	ENSMUST00000220597.1	1021	1020	31	0.0	84.61	72.255	1546	16
RYR3L	4863	ENSMUST00000220597.1	1021	154	31	2.59e-22	54.55	34.416	97.8	4
RYR3L	4863	ENSMUST00000220597.1	1021	117	31	8.48e-13	53.85	29.915	66.6	1
RYR3L	4863	ENSMUST00000220597.1	1021	46	31	6.98e-05	54.35	36.957	40.4	0
RYR3L	4863	ENSMUST00000220597.1	1021	97	31	1.50e-04	49.48	29.897	39.3	10
RYR3L	4863	ENSMUST00000220597.1	1021	164	31	1.54e-04	37.20	25.610	39.3	37
RYR3L	4863	ENSMUST00000220597.1	1021	28	31	4.5	53.57	42.857	24.6	0
RYR3L	4863	ENSMUST00000220597.1	1021	42	31	4.9	45.24	35.714	24.6	2
RYR3L	4863	ENSMUST00000221527.1	1029	1057	21	0.0	76.63	64.711	1264	47
RYR3L	4863	ENSMUST00000220712.1	369	353	7	3.99e-169	84.99	68.555	518	2
RYR3L	4863	ENSMUST00000222788.1	19	14	0	4.9	64.29	35.714	21.2	0
RYR3L	4863	ENSMUST00000207764.1	19	14	0	4.9	64.29	35.714	21.2	0
RYR3L	4863	ENSMUST00000221916.1	19	14	0	4.9	64.29	35.714	21.2	0
RYR3L	4863	ENSMUST00000221609.1	19	14	0	4.9	64.29	35.714	21.2	0
RYR3L	4863	ENSMUST00000221018.1	19	14	0	4.9	64.29	35.714	21.2	0
RYR3L	4863	ENSMUST00000207783.1	19	14	0	4.9	64.29	35.714	21.2	0
RYR3L	4863	ENSMUST00000208010.1	19	14	0	4.9	64.29	35.714	21.2	0
RYR3L	4863	ENSMUST00000222386.1	19	14	0	4.9	64.29	35.714	21.2	0
RYR3L	4863	ENSMUST00000222113.1	19	14	0	4.9	64.29	35.714	21.2	0
RYR3L	4863	ENSMUST00000208318.1	19	14	0	4.9	64.29	35.714	21.2	0
RYR3L	4863	ENSMUST00000221890.1	19	14	0	4.9	64.29	35.714	21.2	0
RYR3L	4863	ENSMUST00000221341.1	19	14	0	4.9	64.29	35.714	21.2	0
RYR3L	4863	ENSMUST00000208922.1	19	14	0	4.9	64.29	35.714	21.2	0
RYR3L	4863	ENSMUST00000221941.1	19	14	0	4.9	64.29	35.714	21.2	0
# BLASTP 2.7.1+
# Query: RYR3S
# Database: User specified sequence set (Input: /home/fieldima/blastplus/blastp/blastdb/mouse_ryr3_sequences.fa)
# Fields: query acc.ver, query length, subject acc.ver, subject length, alignment length, % query coverage per subject, evalue, % positives, % identity, bit score, gaps
# 68 hits found
RYR3S	4834	ENSMUST00000032813.9	5034	2975	96	0.0	80.10	65.412	3855	69
RYR3S	4834	ENSMUST00000032813.9	5034	1299	96	0.0	82.60	69.823	1905	18
RYR3S	4834	ENSMUST00000032813.9	5034	410	96	0.0	93.17	82.927	761	1
RYR3S	4834	ENSMUST00000032813.9	5034	193	96	1.07e-24	52.33	34.715	106	12
RYR3S	4834	ENSMUST00000032813.9	5034	232	96	4.00e-21	47.41	28.448	94.4	20
RYR3S	4834	ENSMUST00000032813.9	5034	91	96	1.57e-08	49.45	26.374	52.8	0
RYR3S	4834	ENSMUST00000032813.9	5034	31	96	0.46	54.84	38.710	28.1	0
RYR3S	4834	ENSMUST00000032813.9	5034	30	96	9.7	53.33	30.000	23.9	0
RYR3S	4834	ENSMUST00000179893.8	5036	2977	96	0.0	80.05	65.368	3855	71
RYR3S	4834	ENSMUST00000179893.8	5036	1299	96	0.0	82.60	69.823	1905	18
RYR3S	4834	ENSMUST00000179893.8	5036	410	96	0.0	93.17	82.927	761	1
RYR3S	4834	ENSMUST00000179893.8	5036	193	96	1.10e-24	52.33	34.715	106	12
RYR3S	4834	ENSMUST00000179893.8	5036	232	96	4.07e-21	47.41	28.448	94.4	20
RYR3S	4834	ENSMUST00000179893.8	5036	91	96	1.55e-08	49.45	26.374	52.8	0
RYR3S	4834	ENSMUST00000179893.8	5036	31	96	0.46	54.84	38.710	28.1	0
RYR3S	4834	ENSMUST00000179893.8	5036	30	96	9.7	53.33	30.000	23.9	0
RYR3S	4834	ENSMUST00000214374.1	5062	2996	96	0.0	79.51	64.953	3843	90
RYR3S	4834	ENSMUST00000214374.1	5062	1305	96	0.0	82.22	69.502	1903	23
RYR3S	4834	ENSMUST00000214374.1	5062	410	96	0.0	93.17	82.927	761	1
RYR3S	4834	ENSMUST00000214374.1	5062	193	96	1.07e-24	52.33	34.715	106	12
RYR3S	4834	ENSMUST00000214374.1	5062	232	96	3.97e-21	47.41	28.448	94.4	20
RYR3S	4834	ENSMUST00000214374.1	5062	91	96	1.57e-08	49.45	26.374	52.8	0
RYR3S	4834	ENSMUST00000214374.1	5062	31	96	0.47	54.84	38.710	28.1	0
RYR3S	4834	ENSMUST00000214374.1	5062	30	96	9.5	53.33	30.000	23.9	0
RYR3S	4834	ENSMUST00000170156.2	4967	1322	42	0.0	83.96	69.743	1989	24
RYR3S	4834	ENSMUST00000170156.2	4967	458	42	0.0	87.55	81.004	758	3
RYR3S	4834	ENSMUST00000170156.2	4967	229	42	2.39e-24	49.34	29.258	105	14
RYR3S	4834	ENSMUST00000170156.2	4967	200	42	8.03e-24	51.50	31.000	103	10
RYR3S	4834	ENSMUST00000170156.2	4967	97	42	3.68e-11	53.61	29.897	61.6	0
RYR3S	4834	ENSMUST00000170156.2	4967	91	42	2.05e-04	49.45	29.670	39.3	8
RYR3S	4834	ENSMUST00000170156.2	4967	65	42	2.3	52.31	26.154	25.8	4
RYR3S	4834	ENSMUST00000170156.2	4967	61	42	3.5	40.98	31.148	25.0	3
RYR3S	4834	ENSMUST00000170156.2	4967	28	42	5.5	53.57	42.857	24.6	0
RYR3S	4834	ENSMUST00000170156.2	4967	32	42	7.1	53.12	40.625	24.3	1
RYR3S	4834	ENSMUST00000021750.14	4967	1322	42	0.0	83.96	69.743	1989	24
RYR3S	4834	ENSMUST00000021750.14	4967	458	42	0.0	87.55	81.004	758	3
RYR3S	4834	ENSMUST00000021750.14	4967	229	42	2.47e-24	49.34	29.258	105	14
RYR3S	4834	ENSMUST00000021750.14	4967	200	42	8.03e-24	51.50	31.000	103	10
RYR3S	4834	ENSMUST00000021750.14	4967	97	42	3.64e-11	53.61	29.897	61.6	0
RYR3S	4834	ENSMUST00000021750.14	4967	91	42	2.10e-04	49.45	29.670	39.3	8
RYR3S	4834	ENSMUST00000021750.14	4967	65	42	2.2	52.31	26.154	25.8	4
RYR3S	4834	ENSMUST00000021750.14	4967	61	42	3.5	40.98	31.148	25.0	3
RYR3S	4834	ENSMUST00000021750.14	4967	28	42	5.6	53.57	42.857	24.6	0
RYR3S	4834	ENSMUST00000021750.14	4967	32	42	7.0	53.12	40.625	24.3	1
RYR3S	4834	ENSMUST00000220597.1	1021	1020	31	0.0	84.61	72.255	1546	16
RYR3S	4834	ENSMUST00000220597.1	1021	154	31	2.64e-22	54.55	34.416	97.8	4
RYR3S	4834	ENSMUST00000220597.1	1021	117	31	8.50e-13	53.85	29.915	66.6	1
RYR3S	4834	ENSMUST00000220597.1	1021	46	31	7.11e-05	54.35	36.957	40.4	0
RYR3S	4834	ENSMUST00000220597.1	1021	164	31	1.49e-04	37.20	25.610	39.3	37
RYR3S	4834	ENSMUST00000220597.1	1021	97	31	1.51e-04	49.48	29.897	39.3	10
RYR3S	4834	ENSMUST00000220597.1	1021	28	31	4.6	53.57	42.857	24.6	0
RYR3S	4834	ENSMUST00000220597.1	1021	61	31	4.9	40.98	31.148	24.6	3
RYR3S	4834	ENSMUST00000220712.1	369	353	7	4.01e-169	84.99	68.555	518	2
RYR3S	4834	ENSMUST00000221527.1	1029	87	2	3.45e-15	57.47	45.977	74.3	1
RYR3S	4834	ENSMUST00000222788.1	19	14	0	4.8	64.29	35.714	21.2	0
RYR3S	4834	ENSMUST00000207764.1	19	14	0	4.8	64.29	35.714	21.2	0
RYR3S	4834	ENSMUST00000221916.1	19	14	0	4.8	64.29	35.714	21.2	0
RYR3S	4834	ENSMUST00000221609.1	19	14	0	4.8	64.29	35.714	21.2	0
RYR3S	4834	ENSMUST00000221018.1	19	14	0	4.8	64.29	35.714	21.2	0
RYR3S	4834	ENSMUST00000207783.1	19	14	0	4.8	64.29	35.714	21.2	0
RYR3S	4834	ENSMUST00000208010.1	19	14	0	4.8	64.29	35.714	21.2	0
RYR3S	4834	ENSMUST00000222386.1	19	14	0	4.8	64.29	35.714	21.2	0
RYR3S	4834	ENSMUST00000222113.1	19	14	0	4.8	64.29	35.714	21.2	0
RYR3S	4834	ENSMUST00000208318.1	19	14	0	4.8	64.29	35.714	21.2	0
RYR3S	4834	ENSMUST00000221890.1	19	14	0	4.8	64.29	35.714	21.2	0
RYR3S	4834	ENSMUST00000221341.1	19	14	0	4.8	64.29	35.714	21.2	0
RYR3S	4834	ENSMUST00000208922.1	19	14	0	4.8	64.29	35.714	21.2	0
RYR3S	4834	ENSMUST00000221941.1	19	14	0	4.8	64.29	35.714	21.2	0
# BLAST processed 2 queries
