# BLASTP 2.7.1+
# Query: B1
# Database: User specified sequence set (Input: /home/fieldima/blastplus/blastp/blastdb/mouse_myh10_sequences.fa)
# Fields: query acc.ver, query length, subject acc.ver, subject length, alignment length, % query coverage per subject, evalue, % positives, % identity, bit score, gaps
# 62 hits found
B1	2000	ENSMUST00000016771.12	1961	1958	98	0.0	81.46	63.892	2502	18
B1	2000	ENSMUST00000231567.1	1980	1930	96	0.0	81.71	63.523	2396	8
B1	2000	ENSMUST00000090287.4	1973	1930	96	0.0	81.55	63.420	2390	15
B1	2000	ENSMUST00000230397.1	1939	1931	96	0.0	81.46	63.335	2388	15
B1	2000	ENSMUST00000168485.7	1936	1927	96	0.0	60.20	38.194	1223	54
B1	2000	ENSMUST00000168485.7	1936	907	96	2.61e-15	44.98	23.043	74.3	91
B1	2000	ENSMUST00000168485.7	1936	593	96	0.010	46.88	24.789	32.7	92
B1	2000	ENSMUST00000168485.7	1936	219	96	8.1	47.95	25.571	23.5	27
B1	2000	ENSMUST00000102803.10	1936	1927	96	0.0	60.20	38.194	1223	54
B1	2000	ENSMUST00000102803.10	1936	907	96	2.61e-15	44.98	23.043	74.3	91
B1	2000	ENSMUST00000102803.10	1936	593	96	0.010	46.88	24.789	32.7	92
B1	2000	ENSMUST00000102803.10	1936	219	96	8.1	47.95	25.571	23.5	27
B1	2000	ENSMUST00000226297.1	1939	1930	95	0.0	59.64	37.927	1185	58
B1	2000	ENSMUST00000226297.1	1939	903	95	2.44e-15	45.85	23.145	74.3	83
B1	2000	ENSMUST00000226297.1	1939	219	95	2.7	48.40	26.027	25.0	27
B1	2000	ENSMUST00000081857.13	1939	1930	95	0.0	59.64	37.927	1185	58
B1	2000	ENSMUST00000081857.13	1939	903	95	2.44e-15	45.85	23.145	74.3	83
B1	2000	ENSMUST00000081857.13	1939	219	95	2.7	48.40	26.027	25.0	27
B1	2000	ENSMUST00000108689.7	1941	1894	94	0.0	60.40	38.701	1176	53
B1	2000	ENSMUST00000108689.7	1941	704	94	5.50e-09	42.19	23.438	53.5	125
B1	2000	ENSMUST00000165221.1	1941	1894	94	0.0	60.40	38.701	1176	53
B1	2000	ENSMUST00000165221.1	1941	704	94	5.50e-09	42.19	23.438	53.5	125
B1	2000	ENSMUST00000007301.13	1941	1894	94	0.0	60.40	38.701	1176	53
B1	2000	ENSMUST00000007301.13	1941	704	94	5.50e-09	42.19	23.438	53.5	125
B1	2000	ENSMUST00000019625.11	1938	1895	94	0.0	59.89	37.625	1170	55
B1	2000	ENSMUST00000019625.11	1938	1015	94	1.62e-11	45.81	23.350	62.0	143
B1	2000	ENSMUST00000170942.1	1940	1904	94	0.0	59.82	36.765	1164	70
B1	2000	ENSMUST00000018632.10	1940	1904	94	0.0	59.82	36.765	1164	70
B1	2000	ENSMUST00000170159.7	1943	1926	96	0.0	60.02	36.864	1162	46
B1	2000	ENSMUST00000170159.7	1943	787	96	5.18e-05	43.84	23.253	40.4	83
B1	2000	ENSMUST00000170159.7	1943	243	96	0.79	44.86	26.749	26.6	41
B1	2000	ENSMUST00000018641.7	1943	1926	96	0.0	60.02	36.864	1162	46
B1	2000	ENSMUST00000018641.7	1943	787	96	5.18e-05	43.84	23.253	40.4	83
B1	2000	ENSMUST00000018641.7	1943	243	96	0.79	44.86	26.749	26.6	41
B1	2000	ENSMUST00000124516.7	1943	1928	96	0.0	59.91	36.878	1159	50
B1	2000	ENSMUST00000124516.7	1943	808	96	0.001	43.69	23.515	36.2	125
B1	2000	ENSMUST00000124516.7	1943	470	96	0.014	43.83	24.255	32.3	91
B1	2000	ENSMUST00000075734.5	1943	1928	96	0.0	59.91	36.878	1159	50
B1	2000	ENSMUST00000075734.5	1943	808	96	0.001	43.69	23.515	36.2	125
B1	2000	ENSMUST00000075734.5	1943	470	96	0.014	43.83	24.255	32.3	91
B1	2000	ENSMUST00000018637.14	1943	1928	96	0.0	59.91	36.878	1159	50
B1	2000	ENSMUST00000018637.14	1943	808	96	0.001	43.69	23.515	36.2	125
B1	2000	ENSMUST00000018637.14	1943	470	96	0.014	43.83	24.255	32.3	91
B1	2000	ENSMUST00000180845.7	1939	1899	93	0.0	59.08	37.441	1127	68
B1	2000	ENSMUST00000108684.7	1939	1899	93	0.0	59.08	37.441	1127	68
B1	2000	ENSMUST00000081911.11	1939	1899	93	0.0	59.08	37.441	1127	68
B1	2000	ENSMUST00000231192.1	211	204	10	4.11e-63	78.43	61.275	207	0
B1	2000	ENSMUST00000123101.7	121	112	6	4.08e-38	76.79	58.036	132	2
B1	2000	ENSMUST00000108685.8	196	103	5	6.36e-37	74.76	56.311	131	0
B1	2000	ENSMUST00000229259.1	110	66	8	1.30e-14	72.73	48.485	64.7	0
B1	2000	ENSMUST00000229259.1	110	66	8	0.12	56.06	39.394	27.7	16
B1	2000	ENSMUST00000229259.1	110	69	8	0.48	56.52	34.783	25.8	8
B1	2000	ENSMUST00000228731.1	163	150	18	9.42e-13	60.67	32.667	60.8	0
B1	2000	ENSMUST00000228731.1	163	104	18	2.1	59.62	32.692	24.6	9
B1	2000	ENSMUST00000228731.1	163	104	18	6.3	50.00	32.692	23.1	22
B1	2000	ENSMUST00000228837.1	94	67	3	1.21e-07	58.21	37.313	44.3	5
B1	2000	ENSMUST00000124930.7	94	67	3	8.87e-07	55.22	35.821	42.0	5
B1	2000	ENSMUST00000227518.1	87	59	3	4.87e-04	55.93	32.203	33.9	5
B1	2000	ENSMUST00000129018.7	95	31	2	0.002	64.52	48.387	32.7	0
B1	2000	ENSMUST00000181027.1	223	104	17	0.13	50.96	30.769	28.5	10
B1	2000	ENSMUST00000181027.1	223	159	17	0.23	49.06	28.302	27.7	16
B1	2000	ENSMUST00000181027.1	223	85	17	10.0	52.94	25.882	22.7	0
# BLASTP 2.7.1+
# Query: B2
# Database: User specified sequence set (Input: /home/fieldima/blastplus/blastp/blastdb/mouse_myh10_sequences.fa)
# Fields: query acc.ver, query length, subject acc.ver, subject length, alignment length, % query coverage per subject, evalue, % positives, % identity, bit score, gaps
# 66 hits found
B2	1997	ENSMUST00000016771.12	1961	1962	98	0.0	88.07	77.370	2987	31
B2	1997	ENSMUST00000090287.4	1973	1997	99	0.0	87.23	74.311	2892	27
B2	1997	ENSMUST00000231567.1	1980	2004	99	0.0	86.93	74.052	2884	34
B2	1997	ENSMUST00000230397.1	1939	1954	98	0.0	87.92	75.281	2874	21
B2	1997	ENSMUST00000168485.7	1936	1930	96	0.0	60.98	40.363	1295	44
B2	1997	ENSMUST00000102803.10	1936	1930	96	0.0	60.98	40.363	1295	44
B2	1997	ENSMUST00000019625.11	1938	1937	96	0.0	61.44	39.959	1276	58
B2	1997	ENSMUST00000019625.11	1938	747	96	1.41e-12	44.44	22.758	65.5	79
B2	1997	ENSMUST00000019625.11	1938	724	96	4.67e-10	47.65	23.481	57.0	75
B2	1997	ENSMUST00000170159.7	1943	1939	96	0.0	61.53	39.711	1271	56
B2	1997	ENSMUST00000170159.7	1943	814	96	6.28e-13	45.95	21.867	66.6	104
B2	1997	ENSMUST00000170159.7	1943	727	96	1.27e-08	47.18	23.246	52.4	81
B2	1997	ENSMUST00000018641.7	1943	1939	96	0.0	61.53	39.711	1271	56
B2	1997	ENSMUST00000018641.7	1943	814	96	6.28e-13	45.95	21.867	66.6	104
B2	1997	ENSMUST00000018641.7	1943	727	96	1.27e-08	47.18	23.246	52.4	81
B2	1997	ENSMUST00000124516.7	1943	1939	96	0.0	61.17	39.350	1265	56
B2	1997	ENSMUST00000124516.7	1943	813	96	1.53e-12	46.86	21.648	65.1	102
B2	1997	ENSMUST00000124516.7	1943	682	96	7.19e-09	47.65	23.021	53.1	64
B2	1997	ENSMUST00000075734.5	1943	1939	96	0.0	61.17	39.350	1265	56
B2	1997	ENSMUST00000075734.5	1943	813	96	1.53e-12	46.86	21.648	65.1	102
B2	1997	ENSMUST00000075734.5	1943	682	96	7.19e-09	47.65	23.021	53.1	64
B2	1997	ENSMUST00000018637.14	1943	1939	96	0.0	61.17	39.350	1265	56
B2	1997	ENSMUST00000018637.14	1943	813	96	1.53e-12	46.86	21.648	65.1	102
B2	1997	ENSMUST00000018637.14	1943	682	96	7.19e-09	47.65	23.021	53.1	64
B2	1997	ENSMUST00000170942.1	1940	1943	96	0.0	61.25	39.321	1262	67
B2	1997	ENSMUST00000170942.1	1940	962	96	1.04e-12	45.53	22.869	65.9	122
B2	1997	ENSMUST00000170942.1	1940	713	96	5.36e-09	46.98	23.562	53.5	84
B2	1997	ENSMUST00000226297.1	1939	1928	98	0.0	60.58	39.782	1262	44
B2	1997	ENSMUST00000226297.1	1939	728	98	2.55e-05	46.84	23.352	41.6	97
B2	1997	ENSMUST00000226297.1	1939	500	98	6.23e-04	44.00	24.600	37.0	92
B2	1997	ENSMUST00000081857.13	1939	1928	98	0.0	60.58	39.782	1262	44
B2	1997	ENSMUST00000081857.13	1939	728	98	2.55e-05	46.84	23.352	41.6	97
B2	1997	ENSMUST00000081857.13	1939	500	98	6.23e-04	44.00	24.600	37.0	92
B2	1997	ENSMUST00000018632.10	1940	1943	96	0.0	61.25	39.321	1262	67
B2	1997	ENSMUST00000018632.10	1940	962	96	1.04e-12	45.53	22.869	65.9	122
B2	1997	ENSMUST00000018632.10	1940	713	96	5.36e-09	46.98	23.562	53.5	84
B2	1997	ENSMUST00000108689.7	1941	1946	97	0.0	61.05	40.082	1260	59
B2	1997	ENSMUST00000165221.1	1941	1946	97	0.0	61.05	40.082	1260	59
B2	1997	ENSMUST00000007301.13	1941	1946	97	0.0	61.05	40.082	1260	59
B2	1997	ENSMUST00000180845.7	1939	1937	96	0.0	60.51	39.288	1236	49
B2	1997	ENSMUST00000180845.7	1939	772	96	1.97e-09	46.24	24.093	55.1	71
B2	1997	ENSMUST00000180845.7	1939	732	96	3.07e-05	42.90	23.087	41.2	133
B2	1997	ENSMUST00000108684.7	1939	1937	96	0.0	60.51	39.288	1236	49
B2	1997	ENSMUST00000108684.7	1939	772	96	1.97e-09	46.24	24.093	55.1	71
B2	1997	ENSMUST00000108684.7	1939	732	96	3.07e-05	42.90	23.087	41.2	133
B2	1997	ENSMUST00000081911.11	1939	1937	96	0.0	60.51	39.288	1236	49
B2	1997	ENSMUST00000081911.11	1939	772	96	1.97e-09	46.24	24.093	55.1	71
B2	1997	ENSMUST00000081911.11	1939	732	96	3.07e-05	42.90	23.087	41.2	133
B2	1997	ENSMUST00000231192.1	211	204	10	4.26e-75	82.84	71.569	241	0
B2	1997	ENSMUST00000123101.7	121	118	6	1.94e-56	82.20	71.186	184	4
B2	1997	ENSMUST00000108685.8	196	142	7	1.58e-39	68.31	46.479	139	1
B2	1997	ENSMUST00000229259.1	110	65	5	4.10e-19	81.54	61.538	77.4	0
B2	1997	ENSMUST00000229259.1	110	31	5	8.34e-05	74.19	58.065	36.6	0
B2	1997	ENSMUST00000228731.1	163	147	13	6.58e-12	59.86	31.973	58.5	0
B2	1997	ENSMUST00000228731.1	163	109	13	0.002	56.88	37.615	33.5	12
B2	1997	ENSMUST00000228731.1	163	17	13	9.1	82.35	64.706	22.3	0
B2	1997	ENSMUST00000181027.1	223	204	38	2.04e-11	54.41	29.412	58.5	6
B2	1997	ENSMUST00000181027.1	223	177	38	5.36e-05	50.85	25.424	38.9	15
B2	1997	ENSMUST00000181027.1	223	91	38	0.34	47.25	28.571	27.3	11
B2	1997	ENSMUST00000181027.1	223	206	38	0.37	47.09	23.786	26.9	25
B2	1997	ENSMUST00000181027.1	223	137	38	1.3	52.55	28.467	25.4	20
B2	1997	ENSMUST00000181027.1	223	98	38	9.5	54.08	26.531	22.7	2
B2	1997	ENSMUST00000228837.1	94	65	3	6.36e-11	58.46	43.077	53.5	1
B2	1997	ENSMUST00000124930.7	94	59	3	4.02e-09	57.63	37.288	48.5	1
B2	1997	ENSMUST00000227518.1	87	55	3	3.62e-07	56.36	40.000	42.7	1
B2	1997	ENSMUST00000129018.7	95	70	4	1.96e-06	51.43	32.857	40.8	1
# BLAST processed 2 queries
